"Plot Title: Spotted Tail Creek 12-7-15 (1500)"
"#","Date Time, GMT-06:00","Max: Temperature, °F (LGR S/N: 10719011)","Coupler Detached (LGR S/N: 10719011)","Coupler Attached (LGR S/N: 10719011)","Host Connected (LGR S/N: 10719011)","Stopped (LGR S/N: 10719011)","End Of File (LGR S/N: 10719011)"
1,05/20/16 09:00:00 AM,64.117,,,,,
2,05/20/16 09:01:04 AM,,Logged,,,,
3,05/20/16 10:00:00 AM,58.109,,,,,
4,05/20/16 11:00:00 AM,59.572,,,,,
5,05/20/16 12:00:00 PM,60.991,,,,,
6,05/20/16 01:00:00 PM,62.276,,,,,
7,05/20/16 02:00:00 PM,63.347,,,,,
8,05/20/16 03:00:00 PM,63.604,,,,,
9,05/20/16 04:00:00 PM,63.648,,,,,
10,05/20/16 05:00:00 PM,63.648,,,,,
11,05/20/16 06:00:00 PM,63.518,,,,,
12,05/20/16 07:00:00 PM,63.090,,,,,
13,05/20/16 08:00:00 PM,62.748,,,,,
14,05/20/16 09:00:00 PM,62.362,,,,,
15,05/20/16 10:00:00 PM,61.720,,,,,
16,05/20/16 11:00:00 PM,61.119,,,,,
17,05/21/16 12:00:00 AM,60.561,,,,,
18,05/21/16 01:00:00 AM,60.003,,,,,
19,05/21/16 02:00:00 AM,59.572,,,,,
20,05/21/16 03:00:00 AM,59.099,,,,,
21,05/21/16 04:00:00 AM,58.669,,,,,
22,05/21/16 05:00:00 AM,58.411,,,,,
23,05/21/16 06:00:00 AM,58.152,,,,,
24,05/21/16 07:00:00 AM,57.979,,,,,
25,05/21/16 08:00:00 AM,58.023,,,,,
26,05/21/16 09:00:00 AM,58.282,,,,,
27,05/21/16 10:00:00 AM,58.971,,,,,
28,05/21/16 11:00:00 AM,60.217,,,,,
29,05/21/16 12:00:00 PM,61.804,,,,,
30,05/21/16 01:00:00 PM,63.347,,,,,
31,05/21/16 02:00:00 PM,64.546,,,,,
32,05/21/16 03:00:00 PM,65.230,,,,,
33,05/21/16 04:00:00 PM,65.444,,,,,
34,05/21/16 05:00:00 PM,65.316,,,,,
35,05/21/16 06:00:00 PM,65.145,,,,,
36,05/21/16 07:00:00 PM,64.546,,,,,
37,05/21/16 08:00:00 PM,63.862,,,,,
38,05/21/16 09:00:00 PM,63.219,,,,,
39,05/21/16 10:00:00 PM,62.577,,,,,
40,05/21/16 11:00:00 PM,62.019,,,,,
41,05/22/16 12:00:00 AM,61.677,,,,,
42,05/22/16 01:00:00 AM,61.248,,,,,
43,05/22/16 02:00:00 AM,60.948,,,,,
44,05/22/16 03:00:00 AM,60.604,,,,,
45,05/22/16 04:00:00 AM,60.046,,,,,
46,05/22/16 05:00:00 AM,59.401,,,,,
47,05/22/16 06:00:00 AM,58.712,,,,,
48,05/22/16 07:00:00 AM,58.109,,,,,
49,05/22/16 08:00:00 AM,58.152,,,,,
50,05/22/16 09:00:00 AM,58.885,,,,,
51,05/22/16 10:00:00 AM,59.959,,,,,
52,05/22/16 11:00:00 AM,61.376,,,,,
53,05/22/16 12:00:00 PM,62.791,,,,,
54,05/22/16 01:00:00 PM,64.117,,,,,
55,05/22/16 02:00:00 PM,65.230,,,,,
56,05/22/16 03:00:00 PM,66.173,,,,,
57,05/22/16 04:00:00 PM,66.558,,,,,
58,05/22/16 05:00:00 PM,66.558,,,,,
59,05/22/16 06:00:00 PM,65.872,,,,,
60,05/22/16 07:00:00 PM,64.717,,,,,
61,05/22/16 08:00:00 PM,63.775,,,,,
62,05/22/16 09:00:00 PM,62.791,,,,,
63,05/22/16 10:00:00 PM,62.148,,,,,
64,05/22/16 11:00:00 PM,61.547,,,,,
65,05/23/16 12:00:00 AM,60.775,,,,,
66,05/23/16 01:00:00 AM,60.089,,,,,
67,05/23/16 02:00:00 AM,59.529,,,,,
68,05/23/16 03:00:00 AM,58.928,,,,,
69,05/23/16 04:00:00 AM,58.195,,,,,
70,05/23/16 05:00:00 AM,57.420,,,,,
71,05/23/16 06:00:00 AM,56.685,,,,,
72,05/23/16 07:00:00 AM,56.122,,,,,
73,05/23/16 08:00:00 AM,56.165,,,,,
74,05/23/16 09:00:00 AM,56.901,,,,,
75,05/23/16 10:00:00 AM,57.850,,,,,
76,05/23/16 11:00:00 AM,59.056,,,,,
77,05/23/16 12:00:00 PM,60.217,,,,,
78,05/23/16 01:00:00 PM,61.205,,,,,
79,05/23/16 02:00:00 PM,61.547,,,,,
80,05/23/16 03:00:00 PM,61.290,,,,,
81,05/23/16 04:00:00 PM,61.119,,,,,
82,05/23/16 05:00:00 PM,60.818,,,,,
83,05/23/16 06:00:00 PM,60.433,,,,,
84,05/23/16 07:00:00 PM,60.132,,,,,
85,05/23/16 08:00:00 PM,59.830,,,,,
86,05/23/16 09:00:00 PM,59.185,,,,,
87,05/23/16 10:00:00 PM,58.669,,,,,
88,05/23/16 11:00:00 PM,58.195,,,,,
89,05/24/16 12:00:00 AM,57.636,,,,,
90,05/24/16 01:00:00 AM,57.160,,,,,
91,05/24/16 02:00:00 AM,56.685,,,,,
92,05/24/16 03:00:00 AM,56.122,,,,,
93,05/24/16 04:00:00 AM,55.602,,,,,
94,05/24/16 05:00:00 AM,55.168,,,,,
95,05/24/16 06:00:00 AM,54.734,,,,,
96,05/24/16 07:00:00 AM,54.430,,,,,
97,05/24/16 08:00:00 AM,54.952,,,,,
98,05/24/16 09:00:00 AM,55.863,,,,,
99,05/24/16 10:00:00 AM,56.772,,,,,
100,05/24/16 11:00:00 AM,57.807,,,,,
101,05/24/16 12:00:00 PM,59.702,,,,,
102,05/24/16 01:00:00 PM,61.506,,,,,
103,05/24/16 02:00:00 PM,63.219,,,,,
104,05/24/16 03:00:00 PM,64.033,,,,,
105,05/24/16 04:00:00 PM,64.503,,,,,
106,05/24/16 05:00:00 PM,64.503,,,,,
107,05/24/16 06:00:00 PM,63.990,,,,,
108,05/24/16 07:00:00 PM,63.304,,,,,
109,05/24/16 08:00:00 PM,62.704,,,,,
110,05/24/16 09:00:00 PM,62.105,,,,,
111,05/24/16 10:00:00 PM,61.506,,,,,
112,05/24/16 11:00:00 PM,60.861,,,,,
113,05/25/16 12:00:00 AM,60.132,,,,,
114,05/25/16 01:00:00 AM,59.616,,,,,
115,05/25/16 02:00:00 AM,59.014,,,,,
116,05/25/16 03:00:00 AM,58.541,,,,,
117,05/25/16 04:00:00 AM,58.152,,,,,
118,05/25/16 05:00:00 AM,57.893,,,,,
119,05/25/16 06:00:00 AM,57.592,,,,,
120,05/25/16 07:00:00 AM,57.290,,,,,
121,05/25/16 08:00:00 AM,57.463,,,,,
122,05/25/16 09:00:00 AM,57.979,,,,,
123,05/25/16 10:00:00 AM,59.099,,,,,
124,05/25/16 11:00:00 AM,60.433,,,,,
125,05/25/16 12:00:00 PM,60.861,,,,,
126,05/25/16 01:00:00 PM,61.333,,,,,
127,05/25/16 02:00:00 PM,62.362,,,,,
128,05/25/16 03:00:00 PM,62.704,,,,,
129,05/25/16 04:00:00 PM,63.048,,,,,
130,05/25/16 05:00:00 PM,63.304,,,,,
131,05/25/16 06:00:00 PM,63.304,,,,,
132,05/25/16 07:00:00 PM,63.219,,,,,
133,05/25/16 08:00:00 PM,63.048,,,,,
134,05/25/16 09:00:00 PM,62.577,,,,,
135,05/25/16 10:00:00 PM,61.934,,,,,
136,05/25/16 11:00:00 PM,61.290,,,,,
137,05/26/16 12:00:00 AM,60.647,,,,,
138,05/26/16 01:00:00 AM,59.959,,,,,
139,05/26/16 02:00:00 AM,59.185,,,,,
140,05/26/16 03:00:00 AM,58.498,,,,,
141,05/26/16 04:00:00 AM,57.807,,,,,
142,05/26/16 05:00:00 AM,57.160,,,,,
143,05/26/16 06:00:00 AM,56.512,,,,,
144,05/26/16 07:00:00 AM,56.035,,,,,
145,05/26/16 08:00:00 AM,56.165,,,,,
146,05/26/16 09:00:00 AM,57.031,,,,,
147,05/26/16 10:00:00 AM,58.152,,,,,
148,05/26/16 11:00:00 AM,59.572,,,,,
149,05/26/16 12:00:00 PM,60.861,,,,,
150,05/26/16 01:00:00 PM,61.333,,,,,
151,05/26/16 02:00:00 PM,61.162,,,,,
152,05/26/16 03:00:00 PM,60.647,,,,,
153,05/26/16 04:00:00 PM,60.046,,,,,
154,05/26/16 05:00:00 PM,60.046,,,,,
155,05/26/16 06:00:00 PM,60.046,,,,,
156,05/26/16 07:00:00 PM,60.046,,,,,
157,05/26/16 08:00:00 PM,59.873,,,,,
158,05/26/16 09:00:00 PM,59.486,,,,,
159,05/26/16 10:00:00 PM,59.014,,,,,
160,05/26/16 11:00:00 PM,58.541,,,,,
161,05/27/16 12:00:00 AM,57.979,,,,,
162,05/27/16 01:00:00 AM,57.376,,,,,
163,05/27/16 02:00:00 AM,56.944,,,,,
164,05/27/16 03:00:00 AM,56.556,,,,,
165,05/27/16 04:00:00 AM,56.208,,,,,
166,05/27/16 05:00:00 AM,55.949,,,,,
167,05/27/16 06:00:00 AM,55.733,,,,,
168,05/27/16 07:00:00 AM,55.558,,,,,
169,05/27/16 08:00:00 AM,55.558,,,,,
170,05/27/16 09:00:00 AM,55.819,,,,,
171,05/27/16 10:00:00 AM,56.295,,,,,
172,05/27/16 11:00:00 AM,56.599,,,,,
173,05/27/16 12:00:00 PM,57.031,,,,,
174,05/27/16 01:00:00 PM,57.160,,,,,
175,05/27/16 02:00:00 PM,57.420,,,,,
176,05/27/16 03:00:00 PM,58.109,,,,,
177,05/27/16 04:00:00 PM,59.014,,,,,
178,05/27/16 05:00:00 PM,59.445,,,,,
179,05/27/16 06:00:00 PM,59.401,,,,,
180,05/27/16 07:00:00 PM,59.315,,,,,
181,05/27/16 08:00:00 PM,58.971,,,,,
182,05/27/16 09:00:00 PM,58.582,,,,,
183,05/27/16 10:00:00 PM,58.152,,,,,
184,05/27/16 11:00:00 PM,57.679,,,,,
185,05/28/16 12:00:00 AM,57.204,,,,,
186,05/28/16 01:00:00 AM,56.815,,,,,
187,05/28/16 02:00:00 AM,56.426,,,,,
188,05/28/16 03:00:00 AM,56.035,,,,,
189,05/28/16 04:00:00 AM,55.647,,,,,
190,05/28/16 05:00:00 AM,55.342,,,,,
191,05/28/16 06:00:00 AM,55.038,,,,,
192,05/28/16 07:00:00 AM,54.865,,,,,
193,05/28/16 08:00:00 AM,55.213,,,,,
194,05/28/16 09:00:00 AM,56.079,,,,,
195,05/28/16 10:00:00 AM,57.333,,,,,
196,05/28/16 11:00:00 AM,58.798,,,,,
197,05/28/16 12:00:00 PM,60.260,,,,,
198,05/28/16 01:00:00 PM,61.677,,,,,
199,05/28/16 02:00:00 PM,62.919,,,,,
200,05/28/16 03:00:00 PM,63.518,,,,,
201,05/28/16 04:00:00 PM,63.946,,,,,
202,05/28/16 05:00:00 PM,64.161,,,,,
203,05/28/16 06:00:00 PM,64.074,,,,,
204,05/28/16 07:00:00 PM,63.732,,,,,
205,05/28/16 08:00:00 PM,63.219,,,,,
206,05/28/16 09:00:00 PM,62.362,,,,,
207,05/28/16 10:00:00 PM,61.547,,,,,
208,05/28/16 11:00:00 PM,60.775,,,,,
209,05/29/16 12:00:00 AM,60.174,,,,,
210,05/29/16 01:00:00 AM,59.659,,,,,
211,05/29/16 02:00:00 AM,59.185,,,,,
212,05/29/16 03:00:00 AM,58.669,,,,,
213,05/29/16 04:00:00 AM,58.282,,,,,
214,05/29/16 05:00:00 AM,57.850,,,,,
215,05/29/16 06:00:00 AM,57.420,,,,,
216,05/29/16 07:00:00 AM,57.117,,,,,
217,05/29/16 08:00:00 AM,57.376,,,,,
218,05/29/16 09:00:00 AM,58.239,,,,,
219,05/29/16 10:00:00 AM,59.486,,,,,
220,05/29/16 11:00:00 AM,60.733,,,,,
221,05/29/16 12:00:00 PM,62.406,,,,,
222,05/29/16 01:00:00 PM,63.648,,,,,
223,05/29/16 02:00:00 PM,64.332,,,,,
224,05/29/16 03:00:00 PM,64.845,,,,,
225,05/29/16 04:00:00 PM,64.974,,,,,
226,05/29/16 05:00:00 PM,64.931,,,,,
227,05/29/16 06:00:00 PM,64.589,,,,,
228,05/29/16 07:00:00 PM,63.775,,,,,
229,05/29/16 08:00:00 PM,63.219,,,,,
230,05/29/16 09:00:00 PM,62.577,,,,,
231,05/29/16 10:00:00 PM,61.934,,,,,
232,05/29/16 11:00:00 PM,61.419,,,,,
233,05/30/16 12:00:00 AM,60.904,,,,,
234,05/30/16 01:00:00 AM,60.517,,,,,
235,05/30/16 02:00:00 AM,60.089,,,,,
236,05/30/16 03:00:00 AM,59.616,,,,,
237,05/30/16 04:00:00 AM,59.229,,,,,
238,05/30/16 05:00:00 AM,58.755,,,,,
239,05/30/16 06:00:00 AM,58.325,,,,,
240,05/30/16 07:00:00 AM,57.979,,,,,
241,05/30/16 08:00:00 AM,58.282,,,,,
242,05/30/16 09:00:00 AM,59.142,,,,,
243,05/30/16 10:00:00 AM,60.390,,,,,
244,05/30/16 11:00:00 AM,61.804,,,,,
245,05/30/16 12:00:00 PM,63.133,,,,,
246,05/30/16 01:00:00 PM,63.862,,,,,
247,05/30/16 02:00:00 PM,63.946,,,,,
248,05/30/16 03:00:00 PM,63.862,,,,,
249,05/30/16 04:00:00 PM,63.648,,,,,
250,05/30/16 05:00:00 PM,63.561,,,,,
251,05/30/16 06:00:00 PM,63.219,,,,,
252,05/30/16 07:00:00 PM,62.875,,,,,
253,05/30/16 08:00:00 PM,62.620,,,,,
254,05/30/16 09:00:00 PM,62.062,,,,,
255,05/30/16 10:00:00 PM,61.547,,,,,
256,05/30/16 11:00:00 PM,60.733,,,,,
257,05/31/16 12:00:00 AM,60.260,,,,,
258,05/31/16 01:00:00 AM,59.959,,,,,
259,05/31/16 02:00:00 AM,59.529,,,,,
260,05/31/16 03:00:00 AM,59.185,,,,,
261,05/31/16 04:00:00 AM,58.798,,,,,
262,05/31/16 05:00:00 AM,58.411,,,,,
263,05/31/16 06:00:00 AM,58.066,,,,,
264,05/31/16 07:00:00 AM,57.807,,,,,
265,05/31/16 08:00:00 AM,57.722,,,,,
266,05/31/16 09:00:00 AM,57.765,,,,,
267,05/31/16 10:00:00 AM,58.712,,,,,
268,05/31/16 11:00:00 AM,60.132,,,,,
269,05/31/16 12:00:00 PM,61.547,,,,,
270,05/31/16 01:00:00 PM,62.875,,,,,
271,05/31/16 02:00:00 PM,63.689,,,,,
272,05/31/16 03:00:00 PM,64.074,,,,,
273,05/31/16 04:00:00 PM,64.161,,,,,
274,05/31/16 05:00:00 PM,64.074,,,,,
275,05/31/16 06:00:00 PM,63.648,,,,,
276,05/31/16 07:00:00 PM,63.005,,,,,
277,05/31/16 08:00:00 PM,62.577,,,,,
278,05/31/16 09:00:00 PM,61.891,,,,,
279,05/31/16 10:00:00 PM,61.205,,,,,
280,05/31/16 11:00:00 PM,60.561,,,,,
281,06/01/16 12:00:00 AM,60.003,,,,,
282,06/01/16 01:00:00 AM,59.529,,,,,
283,06/01/16 02:00:00 AM,59.056,,,,,
284,06/01/16 03:00:00 AM,58.669,,,,,
285,06/01/16 04:00:00 AM,58.411,,,,,
286,06/01/16 05:00:00 AM,58.152,,,,,
287,06/01/16 06:00:00 AM,57.893,,,,,
288,06/01/16 07:00:00 AM,57.592,,,,,
289,06/01/16 08:00:00 AM,57.807,,,,,
290,06/01/16 09:00:00 AM,58.498,,,,,
291,06/01/16 10:00:00 AM,59.659,,,,,
292,06/01/16 11:00:00 AM,60.948,,,,,
293,06/01/16 12:00:00 PM,62.233,,,,,
294,06/01/16 01:00:00 PM,63.433,,,,,
295,06/01/16 02:00:00 PM,64.546,,,,,
296,06/01/16 03:00:00 PM,65.059,,,,,
297,06/01/16 04:00:00 PM,65.615,,,,,
298,06/01/16 05:00:00 PM,65.829,,,,,
299,06/01/16 06:00:00 PM,65.745,,,,,
300,06/01/16 07:00:00 PM,65.359,,,,,
301,06/01/16 08:00:00 PM,64.803,,,,,
302,06/01/16 09:00:00 PM,64.074,,,,,
303,06/01/16 10:00:00 PM,63.262,,,,,
304,06/01/16 11:00:00 PM,62.577,,,,,
305,06/02/16 12:00:00 AM,61.934,,,,,
306,06/02/16 01:00:00 AM,61.333,,,,,
307,06/02/16 02:00:00 AM,60.818,,,,,
308,06/02/16 03:00:00 AM,60.390,,,,,
309,06/02/16 04:00:00 AM,60.046,,,,,
310,06/02/16 05:00:00 AM,59.659,,,,,
311,06/02/16 06:00:00 AM,59.229,,,,,
312,06/02/16 07:00:00 AM,58.928,,,,,
313,06/02/16 08:00:00 AM,59.272,,,,,
314,06/02/16 09:00:00 AM,60.174,,,,,
315,06/02/16 10:00:00 AM,61.419,,,,,
316,06/02/16 11:00:00 AM,62.919,,,,,
317,06/02/16 12:00:00 PM,64.418,,,,,
318,06/02/16 01:00:00 PM,65.788,,,,,
319,06/02/16 02:00:00 PM,66.814,,,,,
320,06/02/16 03:00:00 PM,67.543,,,,,
321,06/02/16 04:00:00 PM,67.885,,,,,
322,06/02/16 05:00:00 PM,67.842,,,,,
323,06/02/16 06:00:00 PM,67.500,,,,,
324,06/02/16 07:00:00 PM,67.158,,,,,
325,06/02/16 08:00:00 PM,66.900,,,,,
326,06/02/16 09:00:00 PM,66.130,,,,,
327,06/02/16 10:00:00 PM,65.273,,,,,
328,06/02/16 11:00:00 PM,64.375,,,,,
329,06/03/16 12:00:00 AM,63.775,,,,,
330,06/03/16 01:00:00 AM,63.133,,,,,
331,06/03/16 02:00:00 AM,62.362,,,,,
332,06/03/16 03:00:00 AM,61.804,,,,,
333,06/03/16 04:00:00 AM,61.290,,,,,
334,06/03/16 05:00:00 AM,60.775,,,,,
335,06/03/16 06:00:00 AM,60.433,,,,,
336,06/03/16 07:00:00 AM,60.174,,,,,
337,06/03/16 08:00:00 AM,60.346,,,,,
338,06/03/16 09:00:00 AM,60.904,,,,,
339,06/03/16 10:00:00 AM,61.720,,,,,
340,06/03/16 11:00:00 AM,62.362,,,,,
341,06/03/16 12:00:00 PM,61.891,,,,,
342,06/03/16 01:00:00 PM,62.704,,,,,
343,06/03/16 02:00:00 PM,64.033,,,,,
344,06/03/16 03:00:00 PM,64.161,,,,,
345,06/03/16 04:00:00 PM,62.533,,,,,
346,06/03/16 05:00:00 PM,61.977,,,,,
347,06/03/16 06:00:00 PM,61.848,,,,,
348,06/03/16 07:00:00 PM,61.804,,,,,
349,06/03/16 08:00:00 PM,62.661,,,,,
350,06/03/16 09:00:00 PM,62.105,,,,,
351,06/03/16 10:00:00 PM,61.419,,,,,
352,06/03/16 11:00:00 PM,60.904,,,,,
353,06/04/16 12:00:00 AM,60.260,,,,,
354,06/04/16 01:00:00 AM,60.132,,,,,
355,06/04/16 02:00:00 AM,59.959,,,,,
356,06/04/16 03:00:00 AM,59.788,,,,,
357,06/04/16 04:00:00 AM,59.702,,,,,
358,06/04/16 05:00:00 AM,59.659,,,,,
359,06/04/16 06:00:00 AM,59.572,,,,,
360,06/04/16 07:00:00 AM,59.486,,,,,
361,06/04/16 08:00:00 AM,59.445,,,,,
362,06/04/16 09:00:00 AM,59.529,,,,,
363,06/04/16 10:00:00 AM,61.290,,,,,
364,06/04/16 11:00:00 AM,62.233,,,,,
365,06/04/16 12:00:00 PM,62.962,,,,,
366,06/04/16 01:00:00 PM,63.433,,,,,
367,06/04/16 02:00:00 PM,64.247,,,,,
368,06/04/16 03:00:00 PM,65.059,,,,,
369,06/04/16 04:00:00 PM,64.760,,,,,
370,06/04/16 05:00:00 PM,64.589,,,,,
371,06/04/16 06:00:00 PM,64.589,,,,,
372,06/04/16 07:00:00 PM,63.732,,,,,
373,06/04/16 08:00:00 PM,62.875,,,,,
374,06/04/16 09:00:00 PM,62.577,,,,,
375,06/04/16 10:00:00 PM,62.620,,,,,
376,06/04/16 11:00:00 PM,61.977,,,,,
377,06/05/16 12:00:00 AM,61.376,,,,,
378,06/05/16 01:00:00 AM,61.162,,,,,
379,06/05/16 02:00:00 AM,60.904,,,,,
380,06/05/16 03:00:00 AM,60.604,,,,,
381,06/05/16 04:00:00 AM,60.174,,,,,
382,06/05/16 05:00:00 AM,60.003,,,,,
383,06/05/16 06:00:00 AM,59.788,,,,,
384,06/05/16 07:00:00 AM,59.616,,,,,
385,06/05/16 08:00:00 AM,59.572,,,,,
386,06/05/16 09:00:00 AM,59.659,,,,,
387,06/05/16 10:00:00 AM,59.916,,,,,
388,06/05/16 11:00:00 AM,60.690,,,,,
389,06/05/16 12:00:00 PM,61.462,,,,,
390,06/05/16 01:00:00 PM,61.547,,,,,
391,06/05/16 02:00:00 PM,62.276,,,,,
392,06/05/16 03:00:00 PM,63.005,,,,,
393,06/05/16 04:00:00 PM,65.530,,,,,
394,06/05/16 05:00:00 PM,66.558,,,,,
395,06/05/16 06:00:00 PM,66.643,,,,,
396,06/05/16 07:00:00 PM,66.214,,,,,
397,06/05/16 08:00:00 PM,66.558,,,,,
398,06/05/16 09:00:00 PM,64.459,,,,,
399,06/05/16 10:00:00 PM,63.475,,,,,
400,06/05/16 11:00:00 PM,62.875,,,,,
401,06/06/16 12:00:00 AM,62.319,,,,,
402,06/06/16 01:00:00 AM,61.891,,,,,
403,06/06/16 02:00:00 AM,61.590,,,,,
404,06/06/16 03:00:00 AM,61.205,,,,,
405,06/06/16 04:00:00 AM,60.861,,,,,
406,06/06/16 05:00:00 AM,60.517,,,,,
407,06/06/16 06:00:00 AM,60.260,,,,,
408,06/06/16 07:00:00 AM,60.089,,,,,
409,06/06/16 08:00:00 AM,60.132,,,,,
410,06/06/16 09:00:00 AM,60.303,,,,,
411,06/06/16 10:00:00 AM,60.733,,,,,
412,06/06/16 11:00:00 AM,61.119,,,,,
413,06/06/16 12:00:00 PM,61.462,,,,,
414,06/06/16 01:00:00 PM,61.333,,,,,
415,06/06/16 02:00:00 PM,64.204,,,,,
416,06/06/16 03:00:00 PM,64.375,,,,,
417,06/06/16 04:00:00 PM,63.990,,,,,
418,06/06/16 05:00:00 PM,64.418,,,,,
419,06/06/16 06:00:00 PM,63.561,,,,,
420,06/06/16 07:00:00 PM,63.219,,,,,
421,06/06/16 08:00:00 PM,62.533,,,,,
422,06/06/16 09:00:00 PM,61.848,,,,,
423,06/06/16 10:00:00 PM,61.290,,,,,
424,06/06/16 11:00:00 PM,60.991,,,,,
425,06/07/16 12:00:00 AM,60.775,,,,,
426,06/07/16 01:00:00 AM,60.690,,,,,
427,06/07/16 02:00:00 AM,60.346,,,,,
428,06/07/16 03:00:00 AM,60.260,,,,,
429,06/07/16 04:00:00 AM,60.132,,,,,
430,06/07/16 05:00:00 AM,60.046,,,,,
431,06/07/16 06:00:00 AM,59.916,,,,,
432,06/07/16 07:00:00 AM,59.916,,,,,
433,06/07/16 08:00:00 AM,59.830,,,,,
434,06/07/16 09:00:00 AM,59.873,,,,,
435,06/07/16 10:00:00 AM,60.003,,,,,
436,06/07/16 11:00:00 AM,60.132,,,,,
437,06/07/16 12:00:00 PM,60.217,,,,,
438,06/07/16 01:00:00 PM,60.390,,,,,
439,06/07/16 02:00:00 PM,60.517,,,,,
440,06/07/16 03:00:00 PM,60.647,,,,,
441,06/07/16 04:00:00 PM,60.647,,,,,
442,06/07/16 05:00:00 PM,60.647,,,,,
443,06/07/16 06:00:00 PM,60.647,,,,,
444,06/07/16 07:00:00 PM,60.561,,,,,
445,06/07/16 08:00:00 PM,60.474,,,,,
446,06/07/16 09:00:00 PM,60.433,,,,,
447,06/07/16 10:00:00 PM,60.260,,,,,
448,06/07/16 11:00:00 PM,60.174,,,,,
449,06/08/16 12:00:00 AM,60.132,,,,,
450,06/08/16 01:00:00 AM,60.046,,,,,
451,06/08/16 02:00:00 AM,59.873,,,,,
452,06/08/16 03:00:00 AM,59.788,,,,,
453,06/08/16 04:00:00 AM,59.702,,,,,
454,06/08/16 05:00:00 AM,59.702,,,,,
455,06/08/16 06:00:00 AM,59.745,,,,,
456,06/08/16 07:00:00 AM,59.702,,,,,
457,06/08/16 08:00:00 AM,59.702,,,,,
458,06/08/16 09:00:00 AM,59.702,,,,,
459,06/08/16 10:00:00 AM,59.788,,,,,
460,06/08/16 11:00:00 AM,59.916,,,,,
461,06/08/16 12:00:00 PM,60.046,,,,,
462,06/08/16 01:00:00 PM,60.132,,,,,
463,06/08/16 02:00:00 PM,60.174,,,,,
464,06/08/16 03:00:00 PM,60.132,,,,,
465,06/08/16 04:00:00 PM,60.346,,,,,
466,06/08/16 05:00:00 PM,60.474,,,,,
467,06/08/16 06:00:00 PM,60.474,,,,,
468,06/08/16 07:00:00 PM,60.303,,,,,
469,06/08/16 08:00:00 PM,60.174,,,,,
470,06/08/16 09:00:00 PM,60.260,,,,,
471,06/08/16 10:00:00 PM,60.260,,,,,
472,06/08/16 11:00:00 PM,60.174,,,,,
473,06/09/16 12:00:00 AM,60.174,,,,,
474,06/09/16 01:00:00 AM,60.003,,,,,
475,06/09/16 02:00:00 AM,59.873,,,,,
476,06/09/16 03:00:00 AM,59.873,,,,,
477,06/09/16 04:00:00 AM,59.830,,,,,
478,06/09/16 05:00:00 AM,59.745,,,,,
479,06/09/16 06:00:00 AM,59.745,,,,,
480,06/09/16 07:00:00 AM,59.702,,,,,
481,06/09/16 08:00:00 AM,59.616,,,,,
482,06/09/16 09:00:00 AM,59.702,,,,,
483,06/09/16 10:00:00 AM,59.788,,,,,
484,06/09/16 11:00:00 AM,59.830,,,,,
485,06/09/16 12:00:00 PM,59.830,,,,,
486,06/09/16 01:00:00 PM,60.217,,,,,
487,06/09/16 02:00:00 PM,60.390,,,,,
488,06/09/16 03:00:00 PM,60.647,,,,,
489,06/09/16 04:00:00 PM,60.604,,,,,
490,06/09/16 05:00:00 PM,60.647,,,,,
491,06/09/16 06:00:00 PM,60.948,,,,,
492,06/09/16 07:00:00 PM,61.848,,,,,
493,06/09/16 08:00:00 PM,61.761,,,,,
494,06/09/16 09:00:00 PM,61.720,,,,,
495,06/09/16 10:00:00 PM,61.720,,,,,
496,06/09/16 11:00:00 PM,61.506,,,,,
497,06/10/16 12:00:00 AM,61.162,,,,,
498,06/10/16 01:00:00 AM,60.991,,,,,
499,06/10/16 02:00:00 AM,61.075,,,,,
500,06/10/16 03:00:00 AM,60.991,,,,,
501,06/10/16 04:00:00 AM,60.733,,,,,
502,06/10/16 05:00:00 AM,60.647,,,,,
503,06/10/16 06:00:00 AM,60.433,,,,,
504,06/10/16 07:00:00 AM,60.303,,,,,
505,06/10/16 08:00:00 AM,60.217,,,,,
506,06/10/16 09:00:00 AM,60.260,,,,,
507,06/10/16 10:00:00 AM,60.390,,,,,
508,06/10/16 11:00:00 AM,60.433,,,,,
509,06/10/16 12:00:00 PM,60.904,,,,,
510,06/10/16 01:00:00 PM,60.904,,,,,
511,06/10/16 02:00:00 PM,61.248,,,,,
512,06/10/16 03:00:00 PM,61.590,,,,,
513,06/10/16 04:00:00 PM,61.891,,,,,
514,06/10/16 05:00:00 PM,61.848,,,,,
515,06/10/16 06:00:00 PM,63.475,,,,,
516,06/10/16 07:00:00 PM,66.600,,,,,
517,06/10/16 08:00:00 PM,66.472,,,,,
518,06/10/16 09:00:00 PM,66.385,,,,,
519,06/10/16 10:00:00 PM,65.530,,,,,
520,06/10/16 11:00:00 PM,64.888,,,,,
521,06/11/16 12:00:00 AM,64.247,,,,,
522,06/11/16 01:00:00 AM,63.732,,,,,
523,06/11/16 02:00:00 AM,63.433,,,,,
524,06/11/16 03:00:00 AM,63.604,,,,,
525,06/11/16 04:00:00 AM,63.604,,,,,
526,06/11/16 05:00:00 AM,63.304,,,,,
527,06/11/16 06:00:00 AM,63.090,,,,,
528,06/11/16 07:00:00 AM,62.748,,,,,
529,06/11/16 08:00:00 AM,63.048,,,,,
530,06/11/16 09:00:00 AM,63.475,,,,,
531,06/11/16 10:00:00 AM,64.632,,,,,
532,06/11/16 11:00:00 AM,65.487,,,,,
533,06/11/16 12:00:00 PM,66.729,,,,,
534,06/11/16 01:00:00 PM,68.270,,,,,
535,06/11/16 02:00:00 PM,69.085,,,,,
536,06/11/16 03:00:00 PM,69.942,,,,,
537,06/11/16 04:00:00 PM,69.942,,,,,
538,06/11/16 05:00:00 PM,69.985,,,,,
539,06/11/16 06:00:00 PM,69.643,,,,,
540,06/11/16 07:00:00 PM,68.999,,,,,
541,06/11/16 08:00:00 PM,68.614,,,,,
542,06/11/16 09:00:00 PM,67.627,,,,,
543,06/11/16 10:00:00 PM,66.900,,,,,
544,06/11/16 11:00:00 PM,66.344,,,,,
545,06/12/16 12:00:00 AM,65.658,,,,,
546,06/12/16 01:00:00 AM,64.974,,,,,
547,06/12/16 02:00:00 AM,64.546,,,,,
548,06/12/16 03:00:00 AM,64.117,,,,,
549,06/12/16 04:00:00 AM,63.689,,,,,
550,06/12/16 05:00:00 AM,63.390,,,,,
551,06/12/16 06:00:00 AM,63.133,,,,,
552,06/12/16 07:00:00 AM,62.834,,,,,
553,06/12/16 08:00:00 AM,63.005,,,,,
554,06/12/16 09:00:00 AM,63.390,,,,,
555,06/12/16 10:00:00 AM,63.732,,,,,
556,06/12/16 11:00:00 AM,64.375,,,,,
557,06/12/16 12:00:00 PM,65.788,,,,,
558,06/12/16 01:00:00 PM,66.472,,,,,
559,06/12/16 02:00:00 PM,67.586,,,,,
560,06/12/16 03:00:00 PM,68.227,,,,,
561,06/12/16 04:00:00 PM,68.657,,,,,
562,06/12/16 05:00:00 PM,68.828,,,,,
563,06/12/16 06:00:00 PM,68.527,,,,,
564,06/12/16 07:00:00 PM,67.543,,,,,
565,06/12/16 08:00:00 PM,67.158,,,,,
566,06/12/16 09:00:00 PM,66.600,,,,,
567,06/12/16 10:00:00 PM,65.829,,,,,
568,06/12/16 11:00:00 PM,65.273,,,,,
569,06/13/16 12:00:00 AM,64.717,,,,,
570,06/13/16 01:00:00 AM,64.288,,,,,
571,06/13/16 02:00:00 AM,63.862,,,,,
572,06/13/16 03:00:00 AM,63.390,,,,,
573,06/13/16 04:00:00 AM,63.133,,,,,
574,06/13/16 05:00:00 AM,62.919,,,,,
575,06/13/16 06:00:00 AM,62.661,,,,,
576,06/13/16 07:00:00 AM,62.319,,,,,
577,06/13/16 08:00:00 AM,62.490,,,,,
578,06/13/16 09:00:00 AM,63.347,,,,,
579,06/13/16 10:00:00 AM,65.359,,,,,
580,06/13/16 11:00:00 AM,66.558,,,,,
581,06/13/16 12:00:00 PM,67.757,,,,,
582,06/13/16 01:00:00 PM,69.042,,,,,
583,06/13/16 02:00:00 PM,69.858,,,,,
584,06/13/16 03:00:00 PM,70.372,,,,,
585,06/13/16 04:00:00 PM,70.846,,,,,
586,06/13/16 05:00:00 PM,70.887,,,,,
587,06/13/16 06:00:00 PM,71.103,,,,,
588,06/13/16 07:00:00 PM,70.974,,,,,
589,06/13/16 08:00:00 PM,70.543,,,,,
590,06/13/16 09:00:00 PM,69.901,,,,,
591,06/13/16 10:00:00 PM,69.300,,,,,
592,06/13/16 11:00:00 PM,68.785,,,,,
593,06/14/16 12:00:00 AM,68.056,,,,,
594,06/14/16 01:00:00 AM,67.372,,,,,
595,06/14/16 02:00:00 AM,66.729,,,,,
596,06/14/16 03:00:00 AM,66.130,,,,,
597,06/14/16 04:00:00 AM,65.574,,,,,
598,06/14/16 05:00:00 AM,65.017,,,,,
599,06/14/16 06:00:00 AM,64.418,,,,,
600,06/14/16 07:00:00 AM,63.903,,,,,
601,06/14/16 08:00:00 AM,63.732,,,,,
602,06/14/16 09:00:00 AM,64.204,,,,,
603,06/14/16 10:00:00 AM,64.459,,,,,
604,06/14/16 11:00:00 AM,65.017,,,,,
605,06/14/16 12:00:00 PM,66.301,,,,,
606,06/14/16 01:00:00 PM,67.372,,,,,
607,06/14/16 02:00:00 PM,68.356,,,,,
608,06/14/16 03:00:00 PM,69.300,,,,,
609,06/14/16 04:00:00 PM,69.771,,,,,
610,06/14/16 05:00:00 PM,69.985,,,,,
611,06/14/16 06:00:00 PM,70.072,,,,,
612,06/14/16 07:00:00 PM,69.728,,,,,
613,06/14/16 08:00:00 PM,69.427,,,,,
614,06/14/16 09:00:00 PM,68.785,,,,,
615,06/14/16 10:00:00 PM,67.971,,,,,
616,06/14/16 11:00:00 PM,67.285,,,,,
617,06/15/16 12:00:00 AM,66.600,,,,,
618,06/15/16 01:00:00 AM,65.788,,,,,
619,06/15/16 02:00:00 AM,65.102,,,,,
620,06/15/16 03:00:00 AM,64.375,,,,,
621,06/15/16 04:00:00 AM,63.604,,,,,
622,06/15/16 05:00:00 AM,63.005,,,,,
623,06/15/16 06:00:00 AM,62.362,,,,,
624,06/15/16 07:00:00 AM,61.891,,,,,
625,06/15/16 08:00:00 AM,61.934,,,,,
626,06/15/16 09:00:00 AM,62.577,,,,,
627,06/15/16 10:00:00 AM,63.648,,,,,
628,06/15/16 11:00:00 AM,64.931,,,,,
629,06/15/16 12:00:00 PM,66.173,,,,,
630,06/15/16 01:00:00 PM,67.543,,,,,
631,06/15/16 02:00:00 PM,68.614,,,,,
632,06/15/16 03:00:00 PM,69.728,,,,,
633,06/15/16 04:00:00 PM,70.416,,,,,
634,06/15/16 05:00:00 PM,71.017,,,,,
635,06/15/16 06:00:00 PM,71.146,,,,,
636,06/15/16 07:00:00 PM,70.930,,,,,
637,06/15/16 08:00:00 PM,70.372,,,,,
638,06/15/16 09:00:00 PM,69.901,,,,,
639,06/15/16 10:00:00 PM,69.085,,,,,
640,06/15/16 11:00:00 PM,68.400,,,,,
641,06/16/16 12:00:00 AM,67.798,,,,,
642,06/16/16 01:00:00 AM,67.071,,,,,
643,06/16/16 02:00:00 AM,66.429,,,,,
644,06/16/16 03:00:00 AM,65.788,,,,,
645,06/16/16 04:00:00 AM,65.102,,,,,
646,06/16/16 05:00:00 AM,64.503,,,,,
647,06/16/16 06:00:00 AM,63.990,,,,,
648,06/16/16 07:00:00 AM,63.561,,,,,
649,06/16/16 08:00:00 AM,63.475,,,,,
650,06/16/16 09:00:00 AM,64.074,,,,,
651,06/16/16 10:00:00 AM,65.102,,,,,
652,06/16/16 11:00:00 AM,66.214,,,,,
653,06/16/16 12:00:00 PM,67.627,,,,,
654,06/16/16 01:00:00 PM,68.913,,,,,
655,06/16/16 02:00:00 PM,70.158,,,,,
656,06/16/16 03:00:00 PM,71.190,,,,,
657,06/16/16 04:00:00 PM,71.748,,,,,
658,06/16/16 05:00:00 PM,72.264,,,,,
659,06/16/16 06:00:00 PM,72.307,,,,,
660,06/16/16 07:00:00 PM,72.178,,,,,
661,06/16/16 08:00:00 PM,72.136,,,,,
662,06/16/16 09:00:00 PM,71.661,,,,,
663,06/16/16 10:00:00 PM,71.017,,,,,
664,06/16/16 11:00:00 PM,70.459,,,,,
665,06/17/16 12:00:00 AM,69.728,,,,,
666,06/17/16 01:00:00 AM,68.657,,,,,
667,06/17/16 02:00:00 AM,67.757,,,,,
668,06/17/16 03:00:00 AM,66.943,,,,,
669,06/17/16 04:00:00 AM,66.043,,,,,
670,06/17/16 05:00:00 AM,65.102,,,,,
671,06/17/16 06:00:00 AM,64.375,,,,,
672,06/17/16 07:00:00 AM,63.775,,,,,
673,06/17/16 08:00:00 AM,63.604,,,,,
674,06/17/16 09:00:00 AM,64.161,,,,,
675,06/17/16 10:00:00 AM,65.017,,,,,
676,06/17/16 11:00:00 AM,66.087,,,,,
677,06/17/16 12:00:00 PM,67.329,,,,,
678,06/17/16 01:00:00 PM,68.400,,,,,
679,06/17/16 02:00:00 PM,69.471,,,,,
680,06/17/16 03:00:00 PM,70.243,,,,,
681,06/17/16 04:00:00 PM,71.190,,,,,
682,06/17/16 05:00:00 PM,71.791,,,,,
683,06/17/16 06:00:00 PM,71.577,,,,,
684,06/17/16 07:00:00 PM,71.404,,,,,
685,06/17/16 08:00:00 PM,71.231,,,,,
686,06/17/16 09:00:00 PM,70.846,,,,,
687,06/17/16 10:00:00 PM,70.243,,,,,
688,06/17/16 11:00:00 PM,69.685,,,,,
689,06/18/16 12:00:00 AM,68.871,,,,,
690,06/18/16 01:00:00 AM,68.313,,,,,
691,06/18/16 02:00:00 AM,67.456,,,,,
692,06/18/16 03:00:00 AM,66.943,,,,,
693,06/18/16 04:00:00 AM,66.130,,,,,
694,06/18/16 05:00:00 AM,65.788,,,,,
695,06/18/16 06:00:00 AM,65.102,,,,,
696,06/18/16 07:00:00 AM,64.674,,,,,
697,06/18/16 08:00:00 AM,64.589,,,,,
698,06/18/16 09:00:00 AM,65.017,,,,,
699,06/18/16 10:00:00 AM,65.959,,,,,
700,06/18/16 11:00:00 AM,67.028,,,,,
701,06/18/16 12:00:00 PM,68.270,,,,,
702,06/18/16 01:00:00 PM,69.728,,,,,
703,06/18/16 02:00:00 PM,70.974,,,,,
704,06/18/16 03:00:00 PM,71.661,,,,,
705,06/18/16 04:00:00 PM,72.696,,,,,
706,06/18/16 05:00:00 PM,73.040,,,,,
707,06/18/16 06:00:00 PM,73.040,,,,,
708,06/18/16 07:00:00 PM,72.826,,,,,
709,06/18/16 08:00:00 PM,72.264,,,,,
710,06/18/16 09:00:00 PM,71.834,,,,,
711,06/18/16 10:00:00 PM,71.190,,,,,
712,06/18/16 11:00:00 PM,70.587,,,,,
713,06/19/16 12:00:00 AM,70.029,,,,,
714,06/19/16 01:00:00 AM,69.300,,,,,
715,06/19/16 02:00:00 AM,68.527,,,,,
716,06/19/16 03:00:00 AM,67.842,,,,,
717,06/19/16 04:00:00 AM,67.242,,,,,
718,06/19/16 05:00:00 AM,66.643,,,,,
719,06/19/16 06:00:00 AM,66.173,,,,,
720,06/19/16 07:00:00 AM,65.829,,,,,
721,06/19/16 08:00:00 AM,65.829,,,,,
722,06/19/16 09:00:00 AM,66.301,,,,,
723,06/19/16 10:00:00 AM,67.071,,,,,
724,06/19/16 11:00:00 AM,68.056,,,,,
725,06/19/16 12:00:00 PM,69.170,,,,,
726,06/19/16 01:00:00 PM,70.158,,,,,
727,06/19/16 02:00:00 PM,70.887,,,,,
728,06/19/16 03:00:00 PM,71.834,,,,,
729,06/19/16 04:00:00 PM,72.221,,,,,
730,06/19/16 05:00:00 PM,72.653,,,,,
731,06/19/16 06:00:00 PM,72.826,,,,,
732,06/19/16 07:00:00 PM,72.739,,,,,
733,06/19/16 08:00:00 PM,72.480,,,,,
734,06/19/16 09:00:00 PM,72.007,,,,,
735,06/19/16 10:00:00 PM,71.490,,,,,
736,06/19/16 11:00:00 PM,70.930,,,,,
737,06/20/16 12:00:00 AM,70.416,,,,,
738,06/20/16 01:00:00 AM,69.685,,,,,
739,06/20/16 02:00:00 AM,68.999,,,,,
740,06/20/16 03:00:00 AM,68.313,,,,,
741,06/20/16 04:00:00 AM,67.671,,,,,
742,06/20/16 05:00:00 AM,67.071,,,,,
743,06/20/16 06:00:00 AM,66.301,,,,,
744,06/20/16 07:00:00 AM,65.658,,,,,
745,06/20/16 08:00:00 AM,65.188,,,,,
746,06/20/16 09:00:00 AM,64.931,,,,,
747,06/20/16 10:00:00 AM,65.316,,,,,
748,06/20/16 11:00:00 AM,65.959,,,,,
749,06/20/16 12:00:00 PM,66.943,,,,,
750,06/20/16 01:00:00 PM,68.056,,,,,
751,06/20/16 02:00:00 PM,69.170,,,,,
752,06/20/16 03:00:00 PM,69.985,,,,,
753,06/20/16 04:00:00 PM,70.630,,,,,
754,06/20/16 05:00:00 PM,71.017,,,,,
755,06/20/16 06:00:00 PM,71.190,,,,,
756,06/20/16 07:00:00 PM,71.274,,,,,
757,06/20/16 08:00:00 PM,71.190,,,,,
758,06/20/16 09:00:00 PM,70.846,,,,,
759,06/20/16 10:00:00 PM,70.243,,,,,
760,06/20/16 11:00:00 PM,69.643,,,,,
761,06/21/16 12:00:00 AM,68.956,,,,,
762,06/21/16 01:00:00 AM,68.443,,,,,
763,06/21/16 02:00:00 AM,67.757,,,,,
764,06/21/16 03:00:00 AM,66.985,,,,,
765,06/21/16 04:00:00 AM,66.214,,,,,
766,06/21/16 05:00:00 AM,65.487,,,,,
767,06/21/16 06:00:00 AM,64.803,,,,,
768,06/21/16 07:00:00 AM,64.332,,,,,
769,06/21/16 08:00:00 AM,64.288,,,,,
770,06/21/16 09:00:00 AM,64.803,,,,,
771,06/21/16 10:00:00 AM,65.745,,,,,
772,06/21/16 11:00:00 AM,66.772,,,,,
773,06/21/16 12:00:00 PM,68.056,,,,,
774,06/21/16 01:00:00 PM,69.557,,,,,
775,06/21/16 02:00:00 PM,70.930,,,,,
776,06/21/16 03:00:00 PM,72.178,,,,,
777,06/21/16 04:00:00 PM,73.170,,,,,
778,06/21/16 05:00:00 PM,73.774,,,,,
779,06/21/16 06:00:00 PM,74.163,,,,,
780,06/21/16 07:00:00 PM,74.206,,,,,
781,06/21/16 08:00:00 PM,74.163,,,,,
782,06/21/16 09:00:00 PM,73.774,,,,,
783,06/21/16 10:00:00 PM,73.342,,,,,
784,06/21/16 11:00:00 PM,72.523,,,,,
785,06/22/16 12:00:00 AM,71.533,,,,,
786,06/22/16 01:00:00 AM,70.587,,,,,
787,06/22/16 02:00:00 AM,69.600,,,,,
788,06/22/16 03:00:00 AM,68.614,,,,,
789,06/22/16 04:00:00 AM,67.798,,,,,
790,06/22/16 05:00:00 AM,66.900,,,,,
791,06/22/16 06:00:00 AM,66.130,,,,,
792,06/22/16 07:00:00 AM,65.444,,,,,
793,06/22/16 08:00:00 AM,64.931,,,,,
794,06/22/16 09:00:00 AM,64.760,,,,,
795,06/22/16 10:00:00 AM,65.145,,,,,
796,06/22/16 11:00:00 AM,66.043,,,,,
797,06/22/16 12:00:00 PM,67.114,,,,,
798,06/22/16 01:00:00 PM,68.270,,,,,
799,06/22/16 02:00:00 PM,69.427,,,,,
800,06/22/16 03:00:00 PM,70.459,,,,,
801,06/22/16 04:00:00 PM,71.231,,,,,
802,06/22/16 05:00:00 PM,71.748,,,,,
803,06/22/16 06:00:00 PM,72.093,,,,,
804,06/22/16 07:00:00 PM,72.178,,,,,
805,06/22/16 08:00:00 PM,72.178,,,,,
806,06/22/16 09:00:00 PM,71.964,,,,,
807,06/22/16 10:00:00 PM,71.404,,,,,
808,06/22/16 11:00:00 PM,70.673,,,,,
809,06/23/16 12:00:00 AM,69.901,,,,,
810,06/23/16 01:00:00 AM,68.999,,,,,
811,06/23/16 02:00:00 AM,68.056,,,,,
812,06/23/16 03:00:00 AM,67.199,,,,,
813,06/23/16 04:00:00 AM,66.515,,,,,
814,06/23/16 05:00:00 AM,65.745,,,,,
815,06/23/16 06:00:00 AM,65.017,,,,,
816,06/23/16 07:00:00 AM,64.459,,,,,
817,06/23/16 08:00:00 AM,64.204,,,,,
818,06/23/16 09:00:00 AM,64.589,,,,,
819,06/23/16 10:00:00 AM,65.403,,,,,
820,06/23/16 11:00:00 AM,66.429,,,,,
821,06/23/16 12:00:00 PM,67.543,,,,,
822,06/23/16 01:00:00 PM,68.828,,,,,
823,06/23/16 02:00:00 PM,70.115,,,,,
824,06/23/16 03:00:00 PM,71.231,,,,,
825,06/23/16 04:00:00 PM,71.317,,,,,
826,06/23/16 05:00:00 PM,71.834,,,,,
827,06/23/16 06:00:00 PM,71.920,,,,,
828,06/23/16 07:00:00 PM,72.178,,,,,
829,06/23/16 08:00:00 PM,72.178,,,,,
830,06/23/16 09:00:00 PM,71.791,,,,,
831,06/23/16 10:00:00 PM,70.930,,,,,
832,06/23/16 11:00:00 PM,70.201,,,,,
833,06/24/16 12:00:00 AM,69.643,,,,,
834,06/24/16 01:00:00 AM,68.956,,,,,
835,06/24/16 02:00:00 AM,68.185,,,,,
836,06/24/16 03:00:00 AM,67.413,,,,,
837,06/24/16 04:00:00 AM,66.729,,,,,
838,06/24/16 05:00:00 AM,66.087,,,,,
839,06/24/16 06:00:00 AM,65.444,,,,,
840,06/24/16 07:00:00 AM,64.931,,,,,
841,06/24/16 08:00:00 AM,64.803,,,,,
842,06/24/16 09:00:00 AM,65.316,,,,,
843,06/24/16 10:00:00 AM,66.130,,,,,
844,06/24/16 11:00:00 AM,67.158,,,,,
845,06/24/16 12:00:00 PM,68.443,,,,,
846,06/24/16 01:00:00 PM,69.771,,,,,
847,06/24/16 02:00:00 PM,70.072,,,,,
848,06/24/16 03:00:00 PM,70.286,,,,,
849,06/24/16 04:00:00 PM,70.201,,,,,
850,06/24/16 05:00:00 PM,69.985,,,,,
851,06/24/16 06:00:00 PM,70.158,,,,,
852,06/24/16 07:00:00 PM,70.243,,,,,
853,06/24/16 08:00:00 PM,70.072,,,,,
854,06/24/16 09:00:00 PM,69.600,,,,,
855,06/24/16 10:00:00 PM,69.042,,,,,
856,06/24/16 11:00:00 PM,68.443,,,,,
857,06/25/16 12:00:00 AM,67.885,,,,,
858,06/25/16 01:00:00 AM,67.158,,,,,
859,06/25/16 02:00:00 AM,66.558,,,,,
860,06/25/16 03:00:00 AM,65.916,,,,,
861,06/25/16 04:00:00 AM,65.188,,,,,
862,06/25/16 05:00:00 AM,64.546,,,,,
863,06/25/16 06:00:00 AM,63.946,,,,,
864,06/25/16 07:00:00 AM,63.433,,,,,
865,06/25/16 08:00:00 AM,63.133,,,,,
866,06/25/16 09:00:00 AM,63.475,,,,,
867,06/25/16 10:00:00 AM,64.074,,,,,
868,06/25/16 11:00:00 AM,64.974,,,,,
869,06/25/16 12:00:00 PM,66.000,,,,,
870,06/25/16 01:00:00 PM,67.158,,,,,
871,06/25/16 02:00:00 PM,68.270,,,,,
872,06/25/16 03:00:00 PM,69.300,,,,,
873,06/25/16 04:00:00 PM,70.158,,,,,
874,06/25/16 05:00:00 PM,70.630,,,,,
875,06/25/16 06:00:00 PM,70.846,,,,,
876,06/25/16 07:00:00 PM,70.930,,,,,
877,06/25/16 08:00:00 PM,70.930,,,,,
878,06/25/16 09:00:00 PM,70.630,,,,,
879,06/25/16 10:00:00 PM,70.201,,,,,
880,06/25/16 11:00:00 PM,69.471,,,,,
881,06/26/16 12:00:00 AM,68.657,,,,,
882,06/26/16 01:00:00 AM,67.757,,,,,
883,06/26/16 02:00:00 AM,66.900,,,,,
884,06/26/16 03:00:00 AM,66.000,,,,,
885,06/26/16 04:00:00 AM,65.188,,,,,
886,06/26/16 05:00:00 AM,64.332,,,,,
887,06/26/16 06:00:00 AM,63.561,,,,,
888,06/26/16 07:00:00 AM,62.962,,,,,
889,06/26/16 08:00:00 AM,62.661,,,,,
890,06/26/16 09:00:00 AM,63.048,,,,,
891,06/26/16 10:00:00 AM,63.903,,,,,
892,06/26/16 11:00:00 AM,64.845,,,,,
893,06/26/16 12:00:00 PM,66.087,,,,,
894,06/26/16 01:00:00 PM,67.500,,,,,
895,06/26/16 02:00:00 PM,68.956,,,,,
896,06/26/16 03:00:00 PM,70.115,,,,,
897,06/26/16 04:00:00 PM,71.146,,,,,
898,06/26/16 05:00:00 PM,71.920,,,,,
899,06/26/16 06:00:00 PM,72.264,,,,,
900,06/26/16 07:00:00 PM,72.437,,,,,
901,06/26/16 08:00:00 PM,72.480,,,,,
902,06/26/16 09:00:00 PM,72.050,,,,,
903,06/26/16 10:00:00 PM,71.577,,,,,
904,06/26/16 11:00:00 PM,70.887,,,,,
905,06/27/16 12:00:00 AM,70.029,,,,,
906,06/27/16 01:00:00 AM,69.386,,,,,
907,06/27/16 02:00:00 AM,68.571,,,,,
908,06/27/16 03:00:00 AM,67.586,,,,,
909,06/27/16 04:00:00 AM,66.643,,,,,
910,06/27/16 05:00:00 AM,65.745,,,,,
911,06/27/16 06:00:00 AM,64.974,,,,,
912,06/27/16 07:00:00 AM,64.418,,,,,
913,06/27/16 08:00:00 AM,64.161,,,,,
914,06/27/16 09:00:00 AM,64.589,,,,,
915,06/27/16 10:00:00 AM,65.316,,,,,
916,06/27/16 11:00:00 AM,66.385,,,,,
917,06/27/16 12:00:00 PM,67.627,,,,,
918,06/27/16 01:00:00 PM,68.657,,,,,
919,06/27/16 02:00:00 PM,69.985,,,,,
920,06/27/16 03:00:00 PM,71.317,,,,,
921,06/27/16 04:00:00 PM,72.307,,,,,
922,06/27/16 05:00:00 PM,73.040,,,,,
923,06/27/16 06:00:00 PM,73.342,,,,,
924,06/27/16 07:00:00 PM,73.256,,,,,
925,06/27/16 08:00:00 PM,72.955,,,,,
926,06/27/16 09:00:00 PM,72.653,,,,,
927,06/27/16 10:00:00 PM,72.136,,,,,
928,06/27/16 11:00:00 PM,71.533,,,,,
929,06/28/16 12:00:00 AM,70.630,,,,,
930,06/28/16 01:00:00 AM,69.728,,,,,
931,06/28/16 02:00:00 AM,68.828,,,,,
932,06/28/16 03:00:00 AM,68.013,,,,,
933,06/28/16 04:00:00 AM,67.199,,,,,
934,06/28/16 05:00:00 AM,66.344,,,,,
935,06/28/16 06:00:00 AM,65.615,,,,,
936,06/28/16 07:00:00 AM,65.102,,,,,
937,06/28/16 08:00:00 AM,64.803,,,,,
938,06/28/16 09:00:00 AM,65.230,,,,,
939,06/28/16 10:00:00 AM,66.043,,,,,
940,06/28/16 11:00:00 AM,67.114,,,,,
941,06/28/16 12:00:00 PM,68.443,,,,,
942,06/28/16 01:00:00 PM,69.858,,,,,
943,06/28/16 02:00:00 PM,70.803,,,,,
944,06/28/16 03:00:00 PM,71.620,,,,,
945,06/28/16 04:00:00 PM,72.007,,,,,
946,06/28/16 05:00:00 PM,72.264,,,,,
947,06/28/16 06:00:00 PM,72.221,,,,,
948,06/28/16 07:00:00 PM,71.791,,,,,
949,06/28/16 08:00:00 PM,71.146,,,,,
950,06/28/16 09:00:00 PM,70.372,,,,,
951,06/28/16 10:00:00 PM,69.643,,,,,
952,06/28/16 11:00:00 PM,68.956,,,,,
953,06/29/16 12:00:00 AM,68.227,,,,,
954,06/29/16 01:00:00 AM,67.413,,,,,
955,06/29/16 02:00:00 AM,66.600,,,,,
956,06/29/16 03:00:00 AM,65.701,,,,,
957,06/29/16 04:00:00 AM,64.931,,,,,
958,06/29/16 05:00:00 AM,64.247,,,,,
959,06/29/16 06:00:00 AM,63.775,,,,,
960,06/29/16 07:00:00 AM,63.347,,,,,
961,06/29/16 08:00:00 AM,63.347,,,,,
962,06/29/16 09:00:00 AM,63.862,,,,,
963,06/29/16 10:00:00 AM,64.674,,,,,
964,06/29/16 11:00:00 AM,65.745,,,,,
965,06/29/16 12:00:00 PM,66.985,,,,,
966,06/29/16 01:00:00 PM,68.356,,,,,
967,06/29/16 02:00:00 PM,69.685,,,,,
968,06/29/16 03:00:00 PM,70.630,,,,,
969,06/29/16 04:00:00 PM,71.231,,,,,
970,06/29/16 05:00:00 PM,71.748,,,,,
971,06/29/16 06:00:00 PM,71.920,,,,,
972,06/29/16 07:00:00 PM,71.834,,,,,
973,06/29/16 08:00:00 PM,71.704,,,,,
974,06/29/16 09:00:00 PM,71.447,,,,,
975,06/29/16 10:00:00 PM,70.974,,,,,
976,06/29/16 11:00:00 PM,70.630,,,,,
977,06/30/16 12:00:00 AM,69.942,,,,,
978,06/30/16 01:00:00 AM,68.742,,,,,
979,06/30/16 02:00:00 AM,67.543,,,,,
980,06/30/16 03:00:00 AM,66.643,,,,,
981,06/30/16 04:00:00 AM,65.916,,,,,
982,06/30/16 05:00:00 AM,65.273,,,,,
983,06/30/16 06:00:00 AM,64.632,,,,,
984,06/30/16 07:00:00 AM,64.204,,,,,
985,06/30/16 08:00:00 AM,64.074,,,,,
986,06/30/16 09:00:00 AM,64.375,,,,,
987,06/30/16 10:00:00 AM,65.017,,,,,
988,06/30/16 11:00:00 AM,65.829,,,,,
989,06/30/16 12:00:00 PM,66.772,,,,,
990,06/30/16 01:00:00 PM,67.714,,,,,
991,06/30/16 02:00:00 PM,68.142,,,,,
992,06/30/16 03:00:00 PM,68.571,,,,,
993,06/30/16 04:00:00 PM,68.913,,,,,
994,06/30/16 05:00:00 PM,69.170,,,,,
995,06/30/16 06:00:00 PM,69.300,,,,,
996,06/30/16 07:00:00 PM,69.427,,,,,
997,06/30/16 08:00:00 PM,69.256,,,,,
998,06/30/16 09:00:00 PM,68.698,,,,,
999,06/30/16 10:00:00 PM,68.185,,,,,
1000,06/30/16 11:00:00 PM,67.543,,,,,
1001,07/01/16 12:00:00 AM,66.985,,,,,
1002,07/01/16 01:00:00 AM,66.429,,,,,
1003,07/01/16 02:00:00 AM,65.872,,,,,
1004,07/01/16 03:00:00 AM,65.403,,,,,
1005,07/01/16 04:00:00 AM,64.931,,,,,
1006,07/01/16 05:00:00 AM,64.418,,,,,
1007,07/01/16 06:00:00 AM,64.074,,,,,
1008,07/01/16 07:00:00 AM,63.819,,,,,
1009,07/01/16 08:00:00 AM,63.648,,,,,
1010,07/01/16 09:00:00 AM,63.648,,,,,
1011,07/01/16 10:00:00 AM,63.990,,,,,
1012,07/01/16 11:00:00 AM,64.974,,,,,
1013,07/01/16 12:00:00 PM,65.444,,,,,
1014,07/01/16 01:00:00 PM,65.829,,,,,
1015,07/01/16 02:00:00 PM,66.173,,,,,
1016,07/01/16 03:00:00 PM,66.686,,,,,
1017,07/01/16 04:00:00 PM,67.158,,,,,
1018,07/01/16 05:00:00 PM,67.456,,,,,
1019,07/01/16 06:00:00 PM,67.586,,,,,
1020,07/01/16 07:00:00 PM,67.671,,,,,
1021,07/01/16 08:00:00 PM,67.543,,,,,
1022,07/01/16 09:00:00 PM,67.242,,,,,
1023,07/01/16 10:00:00 PM,66.900,,,,,
1024,07/01/16 11:00:00 PM,66.558,,,,,
1025,07/02/16 12:00:00 AM,66.173,,,,,
1026,07/02/16 01:00:00 AM,65.701,,,,,
1027,07/02/16 02:00:00 AM,65.273,,,,,
1028,07/02/16 03:00:00 AM,64.717,,,,,
1029,07/02/16 04:00:00 AM,64.247,,,,,
1030,07/02/16 05:00:00 AM,63.819,,,,,
1031,07/02/16 06:00:00 AM,63.518,,,,,
1032,07/02/16 07:00:00 AM,63.347,,,,,
1033,07/02/16 08:00:00 AM,63.561,,,,,
1034,07/02/16 09:00:00 AM,63.903,,,,,
1035,07/02/16 10:00:00 AM,64.418,,,,,
1036,07/02/16 11:00:00 AM,65.487,,,,,
1037,07/02/16 12:00:00 PM,66.301,,,,,
1038,07/02/16 01:00:00 PM,67.500,,,,,
1039,07/02/16 02:00:00 PM,68.698,,,,,
1040,07/02/16 03:00:00 PM,70.201,,,,,
1041,07/02/16 04:00:00 PM,71.361,,,,,
1042,07/02/16 05:00:00 PM,72.221,,,,,
1043,07/02/16 06:00:00 PM,72.480,,,,,
1044,07/02/16 07:00:00 PM,72.480,,,,,
1045,07/02/16 08:00:00 PM,72.394,,,,,
1046,07/02/16 09:00:00 PM,71.920,,,,,
1047,07/02/16 10:00:00 PM,71.317,,,,,
1048,07/02/16 11:00:00 PM,70.630,,,,,
1049,07/03/16 12:00:00 AM,69.985,,,,,
1050,07/03/16 01:00:00 AM,69.170,,,,,
1051,07/03/16 02:00:00 AM,68.270,,,,,
1052,07/03/16 03:00:00 AM,67.543,,,,,
1053,07/03/16 04:00:00 AM,66.900,,,,,
1054,07/03/16 05:00:00 AM,66.301,,,,,
1055,07/03/16 06:00:00 AM,65.829,,,,,
1056,07/03/16 07:00:00 AM,65.444,,,,,
1057,07/03/16 08:00:00 AM,65.487,,,,,
1058,07/03/16 09:00:00 AM,66.000,,,,,
1059,07/03/16 10:00:00 AM,66.515,,,,,
1060,07/03/16 11:00:00 AM,67.329,,,,,
1061,07/03/16 12:00:00 PM,68.185,,,,,
1062,07/03/16 01:00:00 PM,69.300,,,,,
1063,07/03/16 02:00:00 PM,70.329,,,,,
1064,07/03/16 03:00:00 PM,71.404,,,,,
1065,07/03/16 04:00:00 PM,72.050,,,,,
1066,07/03/16 05:00:00 PM,72.653,,,,,
1067,07/03/16 06:00:00 PM,72.955,,,,,
1068,07/03/16 07:00:00 PM,73.083,,,,,
1069,07/03/16 08:00:00 PM,72.997,,,,,
1070,07/03/16 09:00:00 PM,72.696,,,,,
1071,07/03/16 10:00:00 PM,71.964,,,,,
1072,07/03/16 11:00:00 PM,71.317,,,,,
1073,07/04/16 12:00:00 AM,70.543,,,,,
1074,07/04/16 01:00:00 AM,69.728,,,,,
1075,07/04/16 02:00:00 AM,68.698,,,,,
1076,07/04/16 03:00:00 AM,67.928,,,,,
1077,07/04/16 04:00:00 AM,67.114,,,,,
1078,07/04/16 05:00:00 AM,66.429,,,,,
1079,07/04/16 06:00:00 AM,65.829,,,,,
1080,07/04/16 07:00:00 AM,65.403,,,,,
1081,07/04/16 08:00:00 AM,65.359,,,,,
1082,07/04/16 09:00:00 AM,65.829,,,,,
1083,07/04/16 10:00:00 AM,66.515,,,,,
1084,07/04/16 11:00:00 AM,67.500,,,,,
1085,07/04/16 12:00:00 PM,68.698,,,,,
1086,07/04/16 01:00:00 PM,69.728,,,,,
1087,07/04/16 02:00:00 PM,70.846,,,,,
1088,07/04/16 03:00:00 PM,71.920,,,,,
1089,07/04/16 04:00:00 PM,72.696,,,,,
1090,07/04/16 05:00:00 PM,73.342,,,,,
1091,07/04/16 06:00:00 PM,73.472,,,,,
1092,07/04/16 07:00:00 PM,73.342,,,,,
1093,07/04/16 08:00:00 PM,73.256,,,,,
1094,07/04/16 09:00:00 PM,73.083,,,,,
1095,07/04/16 10:00:00 PM,72.178,,,,,
1096,07/04/16 11:00:00 PM,71.404,,,,,
1097,07/05/16 12:00:00 AM,70.846,,,,,
1098,07/05/16 01:00:00 AM,70.029,,,,,
1099,07/05/16 02:00:00 AM,69.343,,,,,
1100,07/05/16 03:00:00 AM,68.571,,,,,
1101,07/05/16 04:00:00 AM,67.798,,,,,
1102,07/05/16 05:00:00 AM,67.199,,,,,
1103,07/05/16 06:00:00 AM,66.686,,,,,
1104,07/05/16 07:00:00 AM,66.385,,,,,
1105,07/05/16 08:00:00 AM,66.173,,,,,
1106,07/05/16 09:00:00 AM,65.916,,,,,
1107,07/05/16 10:00:00 AM,66.087,,,,,
1108,07/05/16 11:00:00 AM,66.900,,,,,
1109,07/05/16 12:00:00 PM,67.885,,,,,
1110,07/05/16 01:00:00 PM,69.129,,,,,
1111,07/05/16 02:00:00 PM,70.372,,,,,
1112,07/05/16 03:00:00 PM,71.274,,,,,
1113,07/05/16 04:00:00 PM,71.533,,,,,
1114,07/05/16 05:00:00 PM,71.661,,,,,
1115,07/05/16 06:00:00 PM,71.661,,,,,
1116,07/05/16 07:00:00 PM,71.533,,,,,
1117,07/05/16 08:00:00 PM,71.404,,,,,
1118,07/05/16 09:00:00 PM,70.974,,,,,
1119,07/05/16 10:00:00 PM,70.372,,,,,
1120,07/05/16 11:00:00 PM,69.814,,,,,
1121,07/06/16 12:00:00 AM,69.213,,,,,
1122,07/06/16 01:00:00 AM,68.443,,,,,
1123,07/06/16 02:00:00 AM,67.627,,,,,
1124,07/06/16 03:00:00 AM,66.943,,,,,
1125,07/06/16 04:00:00 AM,66.385,,,,,
1126,07/06/16 05:00:00 AM,65.829,,,,,
1127,07/06/16 06:00:00 AM,65.359,,,,,
1128,07/06/16 07:00:00 AM,65.017,,,,,
1129,07/06/16 08:00:00 AM,65.059,,,,,
1130,07/06/16 09:00:00 AM,65.530,,,,,
1131,07/06/16 10:00:00 AM,66.344,,,,,
1132,07/06/16 11:00:00 AM,67.329,,,,,
1133,07/06/16 12:00:00 PM,68.527,,,,,
1134,07/06/16 01:00:00 PM,69.858,,,,,
1135,07/06/16 02:00:00 PM,70.846,,,,,
1136,07/06/16 03:00:00 PM,71.877,,,,,
1137,07/06/16 04:00:00 PM,72.739,,,,,
1138,07/06/16 05:00:00 PM,73.342,,,,,
1139,07/06/16 06:00:00 PM,73.558,,,,,
1140,07/06/16 07:00:00 PM,73.386,,,,,
1141,07/06/16 08:00:00 PM,73.126,,,,,
1142,07/06/16 09:00:00 PM,72.696,,,,,
1143,07/06/16 10:00:00 PM,71.877,,,,,
1144,07/06/16 11:00:00 PM,71.103,,,,,
1145,07/07/16 12:00:00 AM,70.286,,,,,
1146,07/07/16 01:00:00 AM,69.300,,,,,
1147,07/07/16 02:00:00 AM,68.443,,,,,
1148,07/07/16 03:00:00 AM,67.586,,,,,
1149,07/07/16 04:00:00 AM,66.857,,,,,
1150,07/07/16 05:00:00 AM,66.214,,,,,
1151,07/07/16 06:00:00 AM,65.658,,,,,
1152,07/07/16 07:00:00 AM,65.145,,,,,
1153,07/07/16 08:00:00 AM,64.974,,,,,
1154,07/07/16 09:00:00 AM,65.145,,,,,
1155,07/07/16 10:00:00 AM,65.145,,,,,
1156,07/07/16 11:00:00 AM,65.403,,,,,
1157,07/07/16 12:00:00 PM,66.301,,,,,
1158,07/07/16 01:00:00 PM,67.543,,,,,
1159,07/07/16 02:00:00 PM,68.785,,,,,
1160,07/07/16 03:00:00 PM,69.858,,,,,
1161,07/07/16 04:00:00 PM,70.803,,,,,
1162,07/07/16 05:00:00 PM,71.447,,,,,
1163,07/07/16 06:00:00 PM,71.661,,,,,
1164,07/07/16 07:00:00 PM,71.748,,,,,
1165,07/07/16 08:00:00 PM,71.661,,,,,
1166,07/07/16 09:00:00 PM,71.361,,,,,
1167,07/07/16 10:00:00 PM,70.846,,,,,
1168,07/07/16 11:00:00 PM,70.243,,,,,
1169,07/08/16 12:00:00 AM,69.557,,,,,
1170,07/08/16 01:00:00 AM,68.742,,,,,
1171,07/08/16 02:00:00 AM,67.971,,,,,
1172,07/08/16 03:00:00 AM,67.242,,,,,
1173,07/08/16 04:00:00 AM,66.643,,,,,
1174,07/08/16 05:00:00 AM,65.959,,,,,
1175,07/08/16 06:00:00 AM,65.403,,,,,
1176,07/08/16 07:00:00 AM,65.017,,,,,
1177,07/08/16 08:00:00 AM,65.017,,,,,
1178,07/08/16 09:00:00 AM,65.530,,,,,
1179,07/08/16 10:00:00 AM,66.344,,,,,
1180,07/08/16 11:00:00 AM,67.329,,,,,
1181,07/08/16 12:00:00 PM,68.484,,,,,
1182,07/08/16 01:00:00 PM,69.814,,,,,
1183,07/08/16 02:00:00 PM,71.103,,,,,
1184,07/08/16 03:00:00 PM,72.351,,,,,
1185,07/08/16 04:00:00 PM,73.472,,,,,
1186,07/08/16 05:00:00 PM,74.077,,,,,
1187,07/08/16 06:00:00 PM,74.554,,,,,
1188,07/08/16 07:00:00 PM,74.640,,,,,
1189,07/08/16 08:00:00 PM,74.467,,,,,
1190,07/08/16 09:00:00 PM,74.163,,,,,
1191,07/08/16 10:00:00 PM,73.602,,,,,
1192,07/08/16 11:00:00 PM,72.739,,,,,
1193,07/09/16 12:00:00 AM,71.791,,,,,
1194,07/09/16 01:00:00 AM,70.930,,,,,
1195,07/09/16 02:00:00 AM,69.901,,,,,
1196,07/09/16 03:00:00 AM,69.042,,,,,
1197,07/09/16 04:00:00 AM,68.142,,,,,
1198,07/09/16 05:00:00 AM,67.242,,,,,
1199,07/09/16 06:00:00 AM,66.472,,,,,
1200,07/09/16 07:00:00 AM,65.916,,,,,
1201,07/09/16 08:00:00 AM,65.701,,,,,
1202,07/09/16 09:00:00 AM,66.130,,,,,
1203,07/09/16 10:00:00 AM,66.814,,,,,
1204,07/09/16 11:00:00 AM,67.842,,,,,
1205,07/09/16 12:00:00 PM,69.042,,,,,
1206,07/09/16 01:00:00 PM,70.459,,,,,
1207,07/09/16 02:00:00 PM,71.834,,,,,
1208,07/09/16 03:00:00 PM,73.083,,,,,
1209,07/09/16 04:00:00 PM,74.163,,,,,
1210,07/09/16 05:00:00 PM,74.813,,,,,
1211,07/09/16 06:00:00 PM,75.204,,,,,
1212,07/09/16 07:00:00 PM,75.333,,,,,
1213,07/09/16 08:00:00 PM,75.247,,,,,
1214,07/09/16 09:00:00 PM,74.813,,,,,
1215,07/09/16 10:00:00 PM,74.295,,,,,
1216,07/09/16 11:00:00 PM,73.602,,,,,
1217,07/10/16 12:00:00 AM,72.783,,,,,
1218,07/10/16 01:00:00 AM,71.791,,,,,
1219,07/10/16 02:00:00 AM,70.759,,,,,
1220,07/10/16 03:00:00 AM,69.901,,,,,
1221,07/10/16 04:00:00 AM,69.129,,,,,
1222,07/10/16 05:00:00 AM,68.443,,,,,
1223,07/10/16 06:00:00 AM,67.842,,,,,
1224,07/10/16 07:00:00 AM,67.329,,,,,
1225,07/10/16 08:00:00 AM,67.114,,,,,
1226,07/10/16 09:00:00 AM,67.413,,,,,
1227,07/10/16 10:00:00 AM,68.013,,,,,
1228,07/10/16 11:00:00 AM,68.871,,,,,
1229,07/10/16 12:00:00 PM,70.072,,,,,
1230,07/10/16 01:00:00 PM,71.317,,,,,
1231,07/10/16 02:00:00 PM,72.307,,,,,
1232,07/10/16 03:00:00 PM,73.170,,,,,
1233,07/10/16 04:00:00 PM,74.295,,,,,
1234,07/10/16 05:00:00 PM,74.899,,,,,
1235,07/10/16 06:00:00 PM,75.074,,,,,
1236,07/10/16 07:00:00 PM,75.074,,,,,
1237,07/10/16 08:00:00 PM,74.856,,,,,
1238,07/10/16 09:00:00 PM,74.424,,,,,
1239,07/10/16 10:00:00 PM,73.774,,,,,
1240,07/10/16 11:00:00 PM,72.912,,,,,
1241,07/11/16 12:00:00 AM,72.178,,,,,
1242,07/11/16 01:00:00 AM,71.404,,,,,
1243,07/11/16 02:00:00 AM,70.416,,,,,
1244,07/11/16 03:00:00 AM,69.427,,,,,
1245,07/11/16 04:00:00 AM,68.484,,,,,
1246,07/11/16 05:00:00 AM,67.627,,,,,
1247,07/11/16 06:00:00 AM,66.814,,,,,
1248,07/11/16 07:00:00 AM,66.258,,,,,
1249,07/11/16 08:00:00 AM,65.788,,,,,
1250,07/11/16 09:00:00 AM,65.872,,,,,
1251,07/11/16 10:00:00 AM,66.214,,,,,
1252,07/11/16 11:00:00 AM,66.600,,,,,
1253,07/11/16 12:00:00 PM,67.329,,,,,
1254,07/11/16 01:00:00 PM,68.142,,,,,
1255,07/11/16 02:00:00 PM,68.785,,,,,
1256,07/11/16 03:00:00 PM,69.213,,,,,
1257,07/11/16 04:00:00 PM,69.427,,,,,
1258,07/11/16 05:00:00 PM,69.471,,,,,
1259,07/11/16 06:00:00 PM,69.471,,,,,
1260,07/11/16 07:00:00 PM,69.170,,,,,
1261,07/11/16 08:00:00 PM,68.871,,,,,
1262,07/11/16 09:00:00 PM,68.400,,,,,
1263,07/11/16 10:00:00 PM,67.757,,,,,
1264,07/11/16 11:00:00 PM,66.985,,,,,
1265,07/12/16 12:00:00 AM,66.301,,,,,
1266,07/12/16 01:00:00 AM,65.615,,,,,
1267,07/12/16 02:00:00 AM,64.974,,,,,
1268,07/12/16 03:00:00 AM,64.247,,,,,
1269,07/12/16 04:00:00 AM,63.561,,,,,
1270,07/12/16 05:00:00 AM,62.919,,,,,
1271,07/12/16 06:00:00 AM,62.362,,,,,
1272,07/12/16 07:00:00 AM,61.977,,,,,
1273,07/12/16 08:00:00 AM,61.848,,,,,
1274,07/12/16 09:00:00 AM,62.362,,,,,
1275,07/12/16 10:00:00 AM,63.133,,,,,
1276,07/12/16 11:00:00 AM,64.161,,,,,
1277,07/12/16 12:00:00 PM,65.444,,,,,
1278,07/12/16 01:00:00 PM,66.857,,,,,
1279,07/12/16 02:00:00 PM,68.270,,,,,
1280,07/12/16 03:00:00 PM,69.557,,,,,
1281,07/12/16 04:00:00 PM,70.543,,,,,
1282,07/12/16 05:00:00 PM,71.146,,,,,
1283,07/12/16 06:00:00 PM,71.361,,,,,
1284,07/12/16 07:00:00 PM,71.361,,,,,
1285,07/12/16 08:00:00 PM,71.274,,,,,
1286,07/12/16 09:00:00 PM,70.930,,,,,
1287,07/12/16 10:00:00 PM,70.502,,,,,
1288,07/12/16 11:00:00 PM,69.942,,,,,
1289,07/13/16 12:00:00 AM,69.300,,,,,
1290,07/13/16 01:00:00 AM,68.571,,,,,
1291,07/13/16 02:00:00 AM,67.714,,,,,
1292,07/13/16 03:00:00 AM,66.857,,,,,
1293,07/13/16 04:00:00 AM,66.043,,,,,
1294,07/13/16 05:00:00 AM,65.316,,,,,
1295,07/13/16 06:00:00 AM,64.674,,,,,
1296,07/13/16 07:00:00 AM,64.117,,,,,
1297,07/13/16 08:00:00 AM,63.903,,,,,
1298,07/13/16 09:00:00 AM,64.204,,,,,
1299,07/13/16 10:00:00 AM,64.803,,,,,
1300,07/13/16 11:00:00 AM,65.701,,,,,
1301,07/13/16 12:00:00 PM,66.900,,,,,
1302,07/13/16 01:00:00 PM,68.142,,,,,
1303,07/13/16 02:00:00 PM,69.427,,,,,
1304,07/13/16 03:00:00 PM,70.630,,,,,
1305,07/13/16 04:00:00 PM,71.620,,,,,
1306,07/13/16 05:00:00 PM,72.394,,,,,
1307,07/13/16 06:00:00 PM,72.826,,,,,
1308,07/13/16 07:00:00 PM,72.912,,,,,
1309,07/13/16 08:00:00 PM,72.826,,,,,
1310,07/13/16 09:00:00 PM,72.394,,,,,
1311,07/13/16 10:00:00 PM,71.577,,,,,
1312,07/13/16 11:00:00 PM,70.716,,,,,
1313,07/14/16 12:00:00 AM,69.858,,,,,
1314,07/14/16 01:00:00 AM,68.913,,,,,
1315,07/14/16 02:00:00 AM,67.928,,,,,
1316,07/14/16 03:00:00 AM,67.071,,,,,
1317,07/14/16 04:00:00 AM,66.258,,,,,
1318,07/14/16 05:00:00 AM,65.487,,,,,
1319,07/14/16 06:00:00 AM,64.803,,,,,
1320,07/14/16 07:00:00 AM,64.288,,,,,
1321,07/14/16 08:00:00 AM,63.946,,,,,
1322,07/14/16 09:00:00 AM,63.990,,,,,
1323,07/14/16 10:00:00 AM,64.674,,,,,
1324,07/14/16 11:00:00 AM,65.444,,,,,
1325,07/14/16 12:00:00 PM,66.600,,,,,
1326,07/14/16 01:00:00 PM,67.798,,,,,
1327,07/14/16 02:00:00 PM,69.085,,,,,
1328,07/14/16 03:00:00 PM,70.372,,,,,
1329,07/14/16 04:00:00 PM,71.317,,,,,
1330,07/14/16 05:00:00 PM,72.007,,,,,
1331,07/14/16 06:00:00 PM,72.480,,,,,
1332,07/14/16 07:00:00 PM,72.783,,,,,
1333,07/14/16 08:00:00 PM,72.826,,,,,
1334,07/14/16 09:00:00 PM,72.739,,,,,
1335,07/14/16 10:00:00 PM,71.748,,,,,
1336,07/14/16 11:00:00 PM,70.846,,,,,
1337,07/15/16 12:00:00 AM,70.416,,,,,
1338,07/15/16 01:00:00 AM,69.685,,,,,
1339,07/15/16 02:00:00 AM,68.785,,,,,
1340,07/15/16 03:00:00 AM,67.885,,,,,
1341,07/15/16 04:00:00 AM,67.071,,,,,
1342,07/15/16 05:00:00 AM,66.301,,,,,
1343,07/15/16 06:00:00 AM,65.701,,,,,
1344,07/15/16 07:00:00 AM,65.230,,,,,
1345,07/15/16 08:00:00 AM,64.931,,,,,
1346,07/15/16 09:00:00 AM,64.717,,,,,
1347,07/15/16 10:00:00 AM,64.546,,,,,
1348,07/15/16 11:00:00 AM,64.332,,,,,
1349,07/15/16 12:00:00 PM,64.247,,,,,
1350,07/15/16 01:00:00 PM,64.632,,,,,
1351,07/15/16 02:00:00 PM,65.359,,,,,
1352,07/15/16 03:00:00 PM,66.344,,,,,
1353,07/15/16 04:00:00 PM,66.943,,,,,
1354,07/15/16 05:00:00 PM,67.242,,,,,
1355,07/15/16 06:00:00 PM,67.586,,,,,
1356,07/15/16 07:00:00 PM,67.627,,,,,
1357,07/15/16 08:00:00 PM,67.586,,,,,
1358,07/15/16 09:00:00 PM,67.500,,,,,
1359,07/15/16 10:00:00 PM,67.413,,,,,
1360,07/15/16 11:00:00 PM,67.329,,,,,
1361,07/16/16 12:00:00 AM,67.158,,,,,
1362,07/16/16 01:00:00 AM,66.814,,,,,
1363,07/16/16 02:00:00 AM,66.301,,,,,
1364,07/16/16 03:00:00 AM,65.701,,,,,
1365,07/16/16 04:00:00 AM,65.145,,,,,
1366,07/16/16 05:00:00 AM,64.546,,,,,
1367,07/16/16 06:00:00 AM,64.074,,,,,
1368,07/16/16 07:00:00 AM,63.732,,,,,
1369,07/16/16 08:00:00 AM,63.648,,,,,
1370,07/16/16 09:00:00 AM,63.862,,,,,
1371,07/16/16 10:00:00 AM,64.204,,,,,
1372,07/16/16 11:00:00 AM,64.845,,,,,
1373,07/16/16 12:00:00 PM,65.316,,,,,
1374,07/16/16 01:00:00 PM,66.301,,,,,
1375,07/16/16 02:00:00 PM,67.158,,,,,
1376,07/16/16 03:00:00 PM,67.627,,,,,
1377,07/16/16 04:00:00 PM,68.400,,,,,
1378,07/16/16 05:00:00 PM,68.698,,,,,
1379,07/16/16 06:00:00 PM,69.170,,,,,
1380,07/16/16 07:00:00 PM,69.300,,,,,
1381,07/16/16 08:00:00 PM,69.085,,,,,
1382,07/16/16 09:00:00 PM,68.742,,,,,
1383,07/16/16 10:00:00 PM,68.527,,,,,
1384,07/16/16 11:00:00 PM,68.013,,,,,
1385,07/17/16 12:00:00 AM,67.372,,,,,
1386,07/17/16 01:00:00 AM,66.814,,,,,
1387,07/17/16 02:00:00 AM,66.214,,,,,
1388,07/17/16 03:00:00 AM,65.658,,,,,
1389,07/17/16 04:00:00 AM,65.017,,,,,
1390,07/17/16 05:00:00 AM,64.418,,,,,
1391,07/17/16 06:00:00 AM,63.946,,,,,
1392,07/17/16 07:00:00 AM,63.561,,,,,
1393,07/17/16 08:00:00 AM,63.304,,,,,
1394,07/17/16 09:00:00 AM,63.390,,,,,
1395,07/17/16 10:00:00 AM,63.732,,,,,
1396,07/17/16 11:00:00 AM,63.819,,,,,
1397,07/17/16 12:00:00 PM,64.589,,,,,
1398,07/17/16 01:00:00 PM,65.444,,,,,
1399,07/17/16 02:00:00 PM,66.258,,,,,
1400,07/17/16 03:00:00 PM,66.814,,,,,
1401,07/17/16 04:00:00 PM,67.242,,,,,
1402,07/17/16 05:00:00 PM,67.586,,,,,
1403,07/17/16 06:00:00 PM,67.885,,,,,
1404,07/17/16 07:00:00 PM,68.099,,,,,
1405,07/17/16 08:00:00 PM,67.971,,,,,
1406,07/17/16 09:00:00 PM,67.627,,,,,
1407,07/17/16 10:00:00 PM,67.285,,,,,
1408,07/17/16 11:00:00 PM,66.686,,,,,
1409,07/18/16 12:00:00 AM,66.173,,,,,
1410,07/18/16 01:00:00 AM,65.403,,,,,
1411,07/18/16 02:00:00 AM,64.760,,,,,
1412,07/18/16 03:00:00 AM,64.375,,,,,
1413,07/18/16 04:00:00 AM,64.033,,,,,
1414,07/18/16 05:00:00 AM,63.775,,,,,
1415,07/18/16 06:00:00 AM,63.518,,,,,
1416,07/18/16 07:00:00 AM,63.347,,,,,
1417,07/18/16 08:00:00 AM,63.561,,,,,
1418,07/18/16 09:00:00 AM,64.117,,,,,
1419,07/18/16 10:00:00 AM,64.888,,,,,
1420,07/18/16 11:00:00 AM,65.872,,,,,
1421,07/18/16 12:00:00 PM,67.071,,,,,
1422,07/18/16 01:00:00 PM,68.313,,,,,
1423,07/18/16 02:00:00 PM,68.828,,,,,
1424,07/18/16 03:00:00 PM,69.085,,,,,
1425,07/18/16 04:00:00 PM,68.956,,,,,
1426,07/18/16 05:00:00 PM,69.471,,,,,
1427,07/18/16 06:00:00 PM,69.643,,,,,
1428,07/18/16 07:00:00 PM,69.814,,,,,
1429,07/18/16 08:00:00 PM,69.643,,,,,
1430,07/18/16 09:00:00 PM,69.256,,,,,
1431,07/18/16 10:00:00 PM,68.785,,,,,
1432,07/18/16 11:00:00 PM,68.443,,,,,
1433,07/19/16 12:00:00 AM,67.842,,,,,
1434,07/19/16 01:00:00 AM,67.329,,,,,
1435,07/19/16 02:00:00 AM,66.985,,,,,
1436,07/19/16 03:00:00 AM,66.600,,,,,
1437,07/19/16 04:00:00 AM,66.214,,,,,
1438,07/19/16 05:00:00 AM,65.788,,,,,
1439,07/19/16 06:00:00 AM,65.444,,,,,
1440,07/19/16 07:00:00 AM,65.145,,,,,
1441,07/19/16 08:00:00 AM,65.102,,,,,
1442,07/19/16 09:00:00 AM,65.530,,,,,
1443,07/19/16 10:00:00 AM,66.214,,,,,
1444,07/19/16 11:00:00 AM,66.857,,,,,
1445,07/19/16 12:00:00 PM,68.142,,,,,
1446,07/19/16 01:00:00 PM,69.042,,,,,
1447,07/19/16 02:00:00 PM,70.243,,,,,
1448,07/19/16 03:00:00 PM,71.404,,,,,
1449,07/19/16 04:00:00 PM,72.653,,,,,
1450,07/19/16 05:00:00 PM,73.558,,,,,
1451,07/19/16 06:00:00 PM,73.904,,,,,
1452,07/19/16 07:00:00 PM,74.295,,,,,
1453,07/19/16 08:00:00 PM,74.381,,,,,
1454,07/19/16 09:00:00 PM,74.295,,,,,
1455,07/19/16 10:00:00 PM,73.731,,,,,
1456,07/19/16 11:00:00 PM,73.083,,,,,
1457,07/20/16 12:00:00 AM,72.567,,,,,
1458,07/20/16 01:00:00 AM,71.748,,,,,
1459,07/20/16 02:00:00 AM,70.887,,,,,
1460,07/20/16 03:00:00 AM,70.072,,,,,
1461,07/20/16 04:00:00 AM,69.300,,,,,
1462,07/20/16 05:00:00 AM,68.484,,,,,
1463,07/20/16 06:00:00 AM,67.757,,,,,
1464,07/20/16 07:00:00 AM,67.158,,,,,
1465,07/20/16 08:00:00 AM,66.772,,,,,
1466,07/20/16 09:00:00 AM,66.643,,,,,
1467,07/20/16 10:00:00 AM,67.199,,,,,
1468,07/20/16 11:00:00 AM,68.013,,,,,
1469,07/20/16 12:00:00 PM,69.170,,,,,
1470,07/20/16 01:00:00 PM,70.587,,,,,
1471,07/20/16 02:00:00 PM,72.093,,,,,
1472,07/20/16 03:00:00 PM,73.256,,,,,
1473,07/20/16 04:00:00 PM,74.381,,,,,
1474,07/20/16 05:00:00 PM,75.160,,,,,
1475,07/20/16 06:00:00 PM,75.637,,,,,
1476,07/20/16 07:00:00 PM,75.853,,,,,
1477,07/20/16 08:00:00 PM,75.681,,,,,
1478,07/20/16 09:00:00 PM,75.247,,,,,
1479,07/20/16 10:00:00 PM,74.467,,,,,
1480,07/20/16 11:00:00 PM,73.602,,,,,
1481,07/21/16 12:00:00 AM,72.783,,,,,
1482,07/21/16 01:00:00 AM,71.834,,,,,
1483,07/21/16 02:00:00 AM,70.803,,,,,
1484,07/21/16 03:00:00 AM,69.858,,,,,
1485,07/21/16 04:00:00 AM,69.042,,,,,
1486,07/21/16 05:00:00 AM,68.270,,,,,
1487,07/21/16 06:00:00 AM,67.627,,,,,
1488,07/21/16 07:00:00 AM,67.071,,,,,
1489,07/21/16 08:00:00 AM,66.686,,,,,
1490,07/21/16 09:00:00 AM,66.772,,,,,
1491,07/21/16 10:00:00 AM,67.028,,,,,
1492,07/21/16 11:00:00 AM,67.372,,,,,
1493,07/21/16 12:00:00 PM,68.527,,,,,
1494,07/21/16 01:00:00 PM,70.029,,,,,
1495,07/21/16 02:00:00 PM,71.404,,,,,
1496,07/21/16 03:00:00 PM,72.696,,,,,
1497,07/21/16 04:00:00 PM,73.861,,,,,
1498,07/21/16 05:00:00 PM,74.640,,,,,
1499,07/21/16 06:00:00 PM,74.856,,,,,
1500,07/21/16 07:00:00 PM,74.856,,,,,
1501,07/21/16 08:00:00 PM,74.856,,,,,
1502,07/21/16 09:00:00 PM,74.813,,,,,
1503,07/21/16 10:00:00 PM,74.077,,,,,
1504,07/21/16 11:00:00 PM,73.472,,,,,
1505,07/22/16 12:00:00 AM,72.783,,,,,
1506,07/22/16 01:00:00 AM,72.007,,,,,
1507,07/22/16 02:00:00 AM,71.231,,,,,
1508,07/22/16 03:00:00 AM,70.459,,,,,
1509,07/22/16 04:00:00 AM,69.600,,,,,
1510,07/22/16 05:00:00 AM,68.871,,,,,
1511,07/22/16 06:00:00 AM,68.270,,,,,
1512,07/22/16 07:00:00 AM,67.798,,,,,
1513,07/22/16 08:00:00 AM,67.543,,,,,
1514,07/22/16 09:00:00 AM,67.671,,,,,
1515,07/22/16 10:00:00 AM,67.971,,,,,
1516,07/22/16 11:00:00 AM,68.270,,,,,
1517,07/22/16 12:00:00 PM,68.913,,,,,
1518,07/22/16 01:00:00 PM,69.942,,,,,
1519,07/22/16 02:00:00 PM,70.974,,,,,
1520,07/22/16 03:00:00 PM,72.093,,,,,
1521,07/22/16 04:00:00 PM,72.912,,,,,
1522,07/22/16 05:00:00 PM,73.386,,,,,
1523,07/22/16 06:00:00 PM,73.645,,,,,
1524,07/22/16 07:00:00 PM,73.602,,,,,
1525,07/22/16 08:00:00 PM,73.515,,,,,
1526,07/22/16 09:00:00 PM,73.170,,,,,
1527,07/22/16 10:00:00 PM,72.394,,,,,
1528,07/22/16 11:00:00 PM,71.447,,,,,
1529,07/23/16 12:00:00 AM,70.759,,,,,
1530,07/23/16 01:00:00 AM,70.115,,,,,
1531,07/23/16 02:00:00 AM,69.300,,,,,
1532,07/23/16 03:00:00 AM,68.527,,,,,
1533,07/23/16 04:00:00 AM,67.842,,,,,
1534,07/23/16 05:00:00 AM,67.242,,,,,
1535,07/23/16 06:00:00 AM,66.772,,,,,
1536,07/23/16 07:00:00 AM,66.301,,,,,
1537,07/23/16 08:00:00 AM,66.043,,,,,
1538,07/23/16 09:00:00 AM,66.385,,,,,
1539,07/23/16 10:00:00 AM,66.943,,,,,
1540,07/23/16 11:00:00 AM,67.842,,,,,
1541,07/23/16 12:00:00 PM,68.913,,,,,
1542,07/23/16 01:00:00 PM,70.115,,,,,
1543,07/23/16 02:00:00 PM,71.533,,,,,
1544,07/23/16 03:00:00 PM,72.869,,,,,
1545,07/23/16 04:00:00 PM,73.731,,,,,
1546,07/23/16 05:00:00 PM,74.381,,,,,
1547,07/23/16 06:00:00 PM,74.554,,,,,
1548,07/23/16 07:00:00 PM,74.554,,,,,
1549,07/23/16 08:00:00 PM,74.511,,,,,
1550,07/23/16 09:00:00 PM,74.295,,,,,
1551,07/23/16 10:00:00 PM,73.688,,,,,
1552,07/23/16 11:00:00 PM,72.869,,,,,
1553,07/24/16 12:00:00 AM,72.178,,,,,
1554,07/24/16 01:00:00 AM,71.274,,,,,
1555,07/24/16 02:00:00 AM,70.329,,,,,
1556,07/24/16 03:00:00 AM,69.386,,,,,
1557,07/24/16 04:00:00 AM,68.614,,,,,
1558,07/24/16 05:00:00 AM,67.842,,,,,
1559,07/24/16 06:00:00 AM,67.158,,,,,
1560,07/24/16 07:00:00 AM,66.558,,,,,
1561,07/24/16 08:00:00 AM,66.087,,,,,
1562,07/24/16 09:00:00 AM,66.043,,,,,
1563,07/24/16 10:00:00 AM,66.558,,,,,
1564,07/24/16 11:00:00 AM,67.028,,,,,
1565,07/24/16 12:00:00 PM,68.013,,,,,
1566,07/24/16 01:00:00 PM,68.999,,,,,
1567,07/24/16 02:00:00 PM,69.858,,,,,
1568,07/24/16 03:00:00 PM,69.985,,,,,
1569,07/24/16 04:00:00 PM,70.416,,,,,
1570,07/24/16 05:00:00 PM,70.759,,,,,
1571,07/24/16 06:00:00 PM,71.146,,,,,
1572,07/24/16 07:00:00 PM,71.274,,,,,
1573,07/24/16 08:00:00 PM,71.103,,,,,
1574,07/24/16 09:00:00 PM,70.587,,,,,
1575,07/24/16 10:00:00 PM,70.029,,,,,
1576,07/24/16 11:00:00 PM,69.386,,,,,
1577,07/25/16 12:00:00 AM,68.614,,,,,
1578,07/25/16 01:00:00 AM,67.928,,,,,
1579,07/25/16 02:00:00 AM,67.199,,,,,
1580,07/25/16 03:00:00 AM,66.558,,,,,
1581,07/25/16 04:00:00 AM,65.916,,,,,
1582,07/25/16 05:00:00 AM,65.273,,,,,
1583,07/25/16 06:00:00 AM,64.760,,,,,
1584,07/25/16 07:00:00 AM,64.332,,,,,
1585,07/25/16 08:00:00 AM,64.033,,,,,
1586,07/25/16 09:00:00 AM,64.418,,,,,
1587,07/25/16 10:00:00 AM,65.059,,,,,
1588,07/25/16 11:00:00 AM,65.745,,,,,
1589,07/25/16 12:00:00 PM,66.729,,,,,
1590,07/25/16 01:00:00 PM,68.013,,,,,
1591,07/25/16 02:00:00 PM,69.471,,,,,
1592,07/25/16 03:00:00 PM,70.759,,,,,
1593,07/25/16 04:00:00 PM,71.791,,,,,
1594,07/25/16 05:00:00 PM,72.610,,,,,
1595,07/25/16 06:00:00 PM,72.912,,,,,
1596,07/25/16 07:00:00 PM,73.040,,,,,
1597,07/25/16 08:00:00 PM,72.955,,,,,
1598,07/25/16 09:00:00 PM,72.653,,,,,
1599,07/25/16 10:00:00 PM,72.093,,,,,
1600,07/25/16 11:00:00 PM,71.577,,,,,
1601,07/26/16 12:00:00 AM,70.974,,,,,
1602,07/26/16 01:00:00 AM,70.416,,,,,
1603,07/26/16 02:00:00 AM,69.685,,,,,
1604,07/26/16 03:00:00 AM,68.913,,,,,
1605,07/26/16 04:00:00 AM,68.185,,,,,
1606,07/26/16 05:00:00 AM,67.500,,,,,
1607,07/26/16 06:00:00 AM,66.857,,,,,
1608,07/26/16 07:00:00 AM,66.301,,,,,
1609,07/26/16 08:00:00 AM,66.000,,,,,
1610,07/26/16 09:00:00 AM,65.959,,,,,
1611,07/26/16 10:00:00 AM,66.258,,,,,
1612,07/26/16 11:00:00 AM,66.943,,,,,
1613,07/26/16 12:00:00 PM,67.671,,,,,
1614,07/26/16 01:00:00 PM,68.785,,,,,
1615,07/26/16 02:00:00 PM,70.029,,,,,
1616,07/26/16 03:00:00 PM,71.190,,,,,
1617,07/26/16 04:00:00 PM,71.704,,,,,
1618,07/26/16 05:00:00 PM,72.221,,,,,
1619,07/26/16 06:00:00 PM,72.351,,,,,
1620,07/26/16 07:00:00 PM,72.221,,,,,
1621,07/26/16 08:00:00 PM,71.361,,,,,
1622,07/26/16 09:00:00 PM,70.846,,,,,
1623,07/26/16 10:00:00 PM,70.673,,,,,
1624,07/26/16 11:00:00 PM,70.072,,,,,
1625,07/27/16 12:00:00 AM,69.514,,,,,
1626,07/27/16 01:00:00 AM,69.213,,,,,
1627,07/27/16 02:00:00 AM,68.443,,,,,
1628,07/27/16 03:00:00 AM,67.671,,,,,
1629,07/27/16 04:00:00 AM,67.158,,,,,
1630,07/27/16 05:00:00 AM,66.772,,,,,
1631,07/27/16 06:00:00 AM,66.472,,,,,
1632,07/27/16 07:00:00 AM,66.130,,,,,
1633,07/27/16 08:00:00 AM,65.916,,,,,
1634,07/27/16 09:00:00 AM,66.087,,,,,
1635,07/27/16 10:00:00 AM,66.643,,,,,
1636,07/27/16 11:00:00 AM,67.671,,,,,
1637,07/27/16 12:00:00 PM,68.484,,,,,
1638,07/27/16 01:00:00 PM,69.728,,,,,
1639,07/27/16 02:00:00 PM,71.103,,,,,
1640,07/27/16 03:00:00 PM,72.394,,,,,
1641,07/27/16 04:00:00 PM,73.342,,,,,
1642,07/27/16 05:00:00 PM,74.163,,,,,
1643,07/27/16 06:00:00 PM,74.467,,,,,
1644,07/27/16 07:00:00 PM,74.511,,,,,
1645,07/27/16 08:00:00 PM,74.250,,,,,
1646,07/27/16 09:00:00 PM,73.904,,,,,
1647,07/27/16 10:00:00 PM,73.904,,,,,
1648,07/27/16 11:00:00 PM,72.826,,,,,
1649,07/28/16 12:00:00 AM,72.136,,,,,
1650,07/28/16 01:00:00 AM,71.317,,,,,
1651,07/28/16 02:00:00 AM,70.072,,,,,
1652,07/28/16 03:00:00 AM,69.386,,,,,
1653,07/28/16 04:00:00 AM,68.785,,,,,
1654,07/28/16 05:00:00 AM,68.313,,,,,
1655,07/28/16 06:00:00 AM,67.714,,,,,
1656,07/28/16 07:00:00 AM,67.242,,,,,
1657,07/28/16 08:00:00 AM,66.900,,,,,
1658,07/28/16 09:00:00 AM,66.943,,,,,
1659,07/28/16 10:00:00 AM,67.071,,,,,
1660,07/28/16 11:00:00 AM,67.071,,,,,
1661,07/28/16 12:00:00 PM,67.413,,,,,
1662,07/28/16 01:00:00 PM,68.698,,,,,
1663,07/28/16 02:00:00 PM,69.557,,,,,
1664,07/28/16 03:00:00 PM,70.630,,,,,
1665,07/28/16 04:00:00 PM,71.533,,,,,
1666,07/28/16 05:00:00 PM,72.136,,,,,
1667,07/28/16 06:00:00 PM,72.696,,,,,
1668,07/28/16 07:00:00 PM,73.083,,,,,
1669,07/28/16 08:00:00 PM,73.126,,,,,
1670,07/28/16 09:00:00 PM,73.126,,,,,
1671,07/28/16 10:00:00 PM,72.869,,,,,
1672,07/28/16 11:00:00 PM,72.480,,,,,
1673,07/29/16 12:00:00 AM,71.877,,,,,
1674,07/29/16 01:00:00 AM,71.017,,,,,
1675,07/29/16 02:00:00 AM,70.201,,,,,
1676,07/29/16 03:00:00 AM,69.386,,,,,
1677,07/29/16 04:00:00 AM,68.614,,,,,
1678,07/29/16 05:00:00 AM,67.928,,,,,
1679,07/29/16 06:00:00 AM,67.372,,,,,
1680,07/29/16 07:00:00 AM,66.857,,,,,
1681,07/29/16 08:00:00 AM,66.643,,,,,
1682,07/29/16 09:00:00 AM,66.985,,,,,
1683,07/29/16 10:00:00 AM,67.543,,,,,
1684,07/29/16 11:00:00 AM,68.527,,,,,
1685,07/29/16 12:00:00 PM,69.728,,,,,
1686,07/29/16 01:00:00 PM,71.017,,,,,
1687,07/29/16 02:00:00 PM,72.093,,,,,
1688,07/29/16 03:00:00 PM,72.610,,,,,
1689,07/29/16 04:00:00 PM,72.997,,,,,
1690,07/29/16 05:00:00 PM,73.342,,,,,
1691,07/29/16 06:00:00 PM,73.515,,,,,
1692,07/29/16 07:00:00 PM,73.213,,,,,
1693,07/29/16 08:00:00 PM,73.040,,,,,
1694,07/29/16 09:00:00 PM,72.567,,,,,
1695,07/29/16 10:00:00 PM,71.920,,,,,
1696,07/29/16 11:00:00 PM,70.930,,,,,
1697,07/30/16 12:00:00 AM,70.072,,,,,
1698,07/30/16 01:00:00 AM,69.300,,,,,
1699,07/30/16 02:00:00 AM,68.527,,,,,
1700,07/30/16 03:00:00 AM,67.928,,,,,
1701,07/30/16 04:00:00 AM,67.372,,,,,
1702,07/30/16 05:00:00 AM,66.900,,,,,
1703,07/30/16 06:00:00 AM,66.600,,,,,
1704,07/30/16 07:00:00 AM,66.344,,,,,
1705,07/30/16 08:00:00 AM,66.385,,,,,
1706,07/30/16 09:00:00 AM,66.857,,,,,
1707,07/30/16 10:00:00 AM,67.586,,,,,
1708,07/30/16 11:00:00 AM,68.571,,,,,
1709,07/30/16 12:00:00 PM,69.814,,,,,
1710,07/30/16 01:00:00 PM,71.190,,,,,
1711,07/30/16 02:00:00 PM,72.610,,,,,
1712,07/30/16 03:00:00 PM,73.904,,,,,
1713,07/30/16 04:00:00 PM,74.943,,,,,
1714,07/30/16 05:00:00 PM,75.681,,,,,
1715,07/30/16 06:00:00 PM,75.985,,,,,
1716,07/30/16 07:00:00 PM,76.071,,,,,
1717,07/30/16 08:00:00 PM,76.028,,,,,
1718,07/30/16 09:00:00 PM,75.767,,,,,
1719,07/30/16 10:00:00 PM,75.333,,,,,
1720,07/30/16 11:00:00 PM,74.727,,,,,
1721,07/31/16 12:00:00 AM,74.034,,,,,
1722,07/31/16 01:00:00 AM,73.213,,,,,
1723,07/31/16 02:00:00 AM,72.437,,,,,
1724,07/31/16 03:00:00 AM,71.620,,,,,
1725,07/31/16 04:00:00 AM,70.887,,,,,
1726,07/31/16 05:00:00 AM,70.201,,,,,
1727,07/31/16 06:00:00 AM,69.600,,,,,
1728,07/31/16 07:00:00 AM,69.213,,,,,
1729,07/31/16 08:00:00 AM,69.042,,,,,
1730,07/31/16 09:00:00 AM,69.300,,,,,
1731,07/31/16 10:00:00 AM,69.942,,,,,
1732,07/31/16 11:00:00 AM,70.803,,,,,
1733,07/31/16 12:00:00 PM,71.834,,,,,
1734,07/31/16 01:00:00 PM,72.997,,,,,
1735,07/31/16 02:00:00 PM,74.120,,,,,
1736,07/31/16 03:00:00 PM,74.986,,,,,
1737,07/31/16 04:00:00 PM,75.767,,,,,
1738,07/31/16 05:00:00 PM,76.289,,,,,
1739,07/31/16 06:00:00 PM,76.725,,,,,
1740,07/31/16 07:00:00 PM,76.768,,,,,
1741,07/31/16 08:00:00 PM,76.593,,,,,
1742,07/31/16 09:00:00 PM,76.419,,,,,
1743,07/31/16 10:00:00 PM,75.898,,,,,
1744,07/31/16 11:00:00 PM,75.247,,,,,
1745,08/01/16 12:00:00 AM,74.511,,,,,
1746,08/01/16 01:00:00 AM,73.731,,,,,
1747,08/01/16 02:00:00 AM,72.955,,,,,
1748,08/01/16 03:00:00 AM,72.178,,,,,
1749,08/01/16 04:00:00 AM,71.447,,,,,
1750,08/01/16 05:00:00 AM,70.803,,,,,
1751,08/01/16 06:00:00 AM,70.201,,,,,
1752,08/01/16 07:00:00 AM,69.728,,,,,
1753,08/01/16 08:00:00 AM,69.427,,,,,
1754,08/01/16 09:00:00 AM,69.685,,,,,
1755,08/01/16 10:00:00 AM,70.286,,,,,
1756,08/01/16 11:00:00 AM,71.017,,,,,
1757,08/01/16 12:00:00 PM,72.136,,,,,
1758,08/01/16 01:00:00 PM,73.256,,,,,
1759,08/01/16 02:00:00 PM,74.338,,,,,
1760,08/01/16 03:00:00 PM,75.333,,,,,
1761,08/01/16 04:00:00 PM,76.071,,,,,
1762,08/01/16 05:00:00 PM,76.550,,,,,
1763,08/01/16 06:00:00 PM,76.681,,,,,
1764,08/01/16 07:00:00 PM,76.681,,,,,
1765,08/01/16 08:00:00 PM,76.507,,,,,
1766,08/01/16 09:00:00 PM,76.028,,,,,
1767,08/01/16 10:00:00 PM,75.420,,,,,
1768,08/01/16 11:00:00 PM,74.683,,,,,
1769,08/02/16 12:00:00 AM,73.861,,,,,
1770,08/02/16 01:00:00 AM,72.869,,,,,
1771,08/02/16 02:00:00 AM,71.877,,,,,
1772,08/02/16 03:00:00 AM,70.974,,,,,
1773,08/02/16 04:00:00 AM,70.243,,,,,
1774,08/02/16 05:00:00 AM,69.643,,,,,
1775,08/02/16 06:00:00 AM,69.085,,,,,
1776,08/02/16 07:00:00 AM,68.698,,,,,
1777,08/02/16 08:00:00 AM,68.484,,,,,
1778,08/02/16 09:00:00 AM,68.742,,,,,
1779,08/02/16 10:00:00 AM,69.343,,,,,
1780,08/02/16 11:00:00 AM,70.072,,,,,
1781,08/02/16 12:00:00 PM,71.231,,,,,
1782,08/02/16 01:00:00 PM,72.221,,,,,
1783,08/02/16 02:00:00 PM,72.826,,,,,
1784,08/02/16 03:00:00 PM,73.342,,,,,
1785,08/02/16 04:00:00 PM,73.558,,,,,
1786,08/02/16 05:00:00 PM,73.558,,,,,
1787,08/02/16 06:00:00 PM,73.429,,,,,
1788,08/02/16 07:00:00 PM,73.213,,,,,
1789,08/02/16 08:00:00 PM,72.955,,,,,
1790,08/02/16 09:00:00 PM,72.221,,,,,
1791,08/02/16 10:00:00 PM,71.404,,,,,
1792,08/02/16 11:00:00 PM,70.587,,,,,
1793,08/03/16 12:00:00 AM,69.858,,,,,
1794,08/03/16 01:00:00 AM,68.999,,,,,
1795,08/03/16 02:00:00 AM,68.270,,,,,
1796,08/03/16 03:00:00 AM,67.671,,,,,
1797,08/03/16 04:00:00 AM,67.071,,,,,
1798,08/03/16 05:00:00 AM,66.600,,,,,
1799,08/03/16 06:00:00 AM,66.173,,,,,
1800,08/03/16 07:00:00 AM,65.872,,,,,
1801,08/03/16 08:00:00 AM,65.788,,,,,
1802,08/03/16 09:00:00 AM,66.258,,,,,
1803,08/03/16 10:00:00 AM,66.985,,,,,
1804,08/03/16 11:00:00 AM,67.842,,,,,
1805,08/03/16 12:00:00 PM,69.085,,,,,
1806,08/03/16 01:00:00 PM,70.543,,,,,
1807,08/03/16 02:00:00 PM,71.964,,,,,
1808,08/03/16 03:00:00 PM,73.083,,,,,
1809,08/03/16 04:00:00 PM,73.688,,,,,
1810,08/03/16 05:00:00 PM,74.554,,,,,
1811,08/03/16 06:00:00 PM,75.029,,,,,
1812,08/03/16 07:00:00 PM,75.333,,,,,
1813,08/03/16 08:00:00 PM,75.290,,,,,
1814,08/03/16 09:00:00 PM,74.770,,,,,
1815,08/03/16 10:00:00 PM,74.163,,,,,
1816,08/03/16 11:00:00 PM,73.602,,,,,
1817,08/04/16 12:00:00 AM,72.912,,,,,
1818,08/04/16 01:00:00 AM,72.178,,,,,
1819,08/04/16 02:00:00 AM,71.490,,,,,
1820,08/04/16 03:00:00 AM,70.716,,,,,
1821,08/04/16 04:00:00 AM,69.814,,,,,
1822,08/04/16 05:00:00 AM,68.871,,,,,
1823,08/04/16 06:00:00 AM,68.056,,,,,
1824,08/04/16 07:00:00 AM,67.329,,,,,
1825,08/04/16 08:00:00 AM,66.600,,,,,
1826,08/04/16 09:00:00 AM,66.301,,,,,
1827,08/04/16 10:00:00 AM,66.214,,,,,
1828,08/04/16 11:00:00 AM,66.429,,,,,
1829,08/04/16 12:00:00 PM,66.729,,,,,
1830,08/04/16 01:00:00 PM,67.071,,,,,
1831,08/04/16 02:00:00 PM,67.242,,,,,
1832,08/04/16 03:00:00 PM,67.543,,,,,
1833,08/04/16 04:00:00 PM,67.714,,,,,
1834,08/04/16 05:00:00 PM,67.842,,,,,
1835,08/04/16 06:00:00 PM,67.928,,,,,
1836,08/04/16 07:00:00 PM,67.885,,,,,
1837,08/04/16 08:00:00 PM,67.714,,,,,
1838,08/04/16 09:00:00 PM,67.543,,,,,
1839,08/04/16 10:00:00 PM,67.199,,,,,
1840,08/04/16 11:00:00 PM,66.857,,,,,
1841,08/05/16 12:00:00 AM,66.600,,,,,
1842,08/05/16 01:00:00 AM,66.258,,,,,
1843,08/05/16 02:00:00 AM,65.872,,,,,
1844,08/05/16 03:00:00 AM,65.530,,,,,
1845,08/05/16 04:00:00 AM,65.230,,,,,
1846,08/05/16 05:00:00 AM,64.845,,,,,
1847,08/05/16 06:00:00 AM,64.546,,,,,
1848,08/05/16 07:00:00 AM,64.332,,,,,
1849,08/05/16 08:00:00 AM,64.161,,,,,
1850,08/05/16 09:00:00 AM,64.074,,,,,
1851,08/05/16 10:00:00 AM,64.117,,,,,
1852,08/05/16 11:00:00 AM,64.074,,,,,
1853,08/05/16 12:00:00 PM,64.204,,,,,
1854,08/05/16 01:00:00 PM,64.503,,,,,
1855,08/05/16 02:00:00 PM,64.931,,,,,
1856,08/05/16 03:00:00 PM,65.487,,,,,
1857,08/05/16 04:00:00 PM,65.916,,,,,
1858,08/05/16 05:00:00 PM,66.515,,,,,
1859,08/05/16 06:00:00 PM,66.729,,,,,
1860,08/05/16 07:00:00 PM,66.729,,,,,
1861,08/05/16 08:00:00 PM,66.729,,,,,
1862,08/05/16 09:00:00 PM,66.515,,,,,
1863,08/05/16 10:00:00 PM,66.258,,,,,
1864,08/05/16 11:00:00 PM,65.959,,,,,
1865,08/06/16 12:00:00 AM,65.615,,,,,
1866,08/06/16 01:00:00 AM,65.230,,,,,
1867,08/06/16 02:00:00 AM,64.760,,,,,
1868,08/06/16 03:00:00 AM,64.375,,,,,
1869,08/06/16 04:00:00 AM,63.990,,,,,
1870,08/06/16 05:00:00 AM,63.732,,,,,
1871,08/06/16 06:00:00 AM,63.475,,,,,
1872,08/06/16 07:00:00 AM,63.262,,,,,
1873,08/06/16 08:00:00 AM,63.133,,,,,
1874,08/06/16 09:00:00 AM,63.219,,,,,
1875,08/06/16 10:00:00 AM,63.604,,,,,
1876,08/06/16 11:00:00 AM,63.946,,,,,
1877,08/06/16 12:00:00 PM,64.674,,,,,
1878,08/06/16 01:00:00 PM,64.931,,,,,
1879,08/06/16 02:00:00 PM,65.230,,,,,
1880,08/06/16 03:00:00 PM,65.530,,,,,
1881,08/06/16 04:00:00 PM,65.829,,,,,
1882,08/06/16 05:00:00 PM,66.258,,,,,
1883,08/06/16 06:00:00 PM,66.558,,,,,
1884,08/06/16 07:00:00 PM,66.772,,,,,
1885,08/06/16 08:00:00 PM,66.814,,,,,
1886,08/06/16 09:00:00 PM,66.814,,,,,
1887,08/06/16 10:00:00 PM,66.558,,,,,
1888,08/06/16 11:00:00 PM,66.385,,,,,
1889,08/07/16 12:00:00 AM,66.173,,,,,
1890,08/07/16 01:00:00 AM,65.959,,,,,
1891,08/07/16 02:00:00 AM,65.788,,,,,
1892,08/07/16 03:00:00 AM,65.574,,,,,
1893,08/07/16 04:00:00 AM,65.359,,,,,
1894,08/07/16 05:00:00 AM,65.188,,,,,
1895,08/07/16 06:00:00 AM,65.059,,,,,
1896,08/07/16 07:00:00 AM,64.974,,,,,
1897,08/07/16 08:00:00 AM,65.102,,,,,
1898,08/07/16 09:00:00 AM,65.487,,,,,
1899,08/07/16 10:00:00 AM,66.087,,,,,
1900,08/07/16 11:00:00 AM,66.985,,,,,
1901,08/07/16 12:00:00 PM,68.142,,,,,
1902,08/07/16 01:00:00 PM,69.427,,,,,
1903,08/07/16 02:00:00 PM,70.587,,,,,
1904,08/07/16 03:00:00 PM,71.704,,,,,
1905,08/07/16 04:00:00 PM,72.653,,,,,
1906,08/07/16 05:00:00 PM,73.299,,,,,
1907,08/07/16 06:00:00 PM,73.688,,,,,
1908,08/07/16 07:00:00 PM,73.774,,,,,
1909,08/07/16 08:00:00 PM,73.688,,,,,
1910,08/07/16 09:00:00 PM,73.299,,,,,
1911,08/07/16 10:00:00 PM,72.739,,,,,
1912,08/07/16 11:00:00 PM,72.093,,,,,
1913,08/08/16 12:00:00 AM,71.447,,,,,
1914,08/08/16 01:00:00 AM,70.846,,,,,
1915,08/08/16 02:00:00 AM,70.029,,,,,
1916,08/08/16 03:00:00 AM,69.343,,,,,
1917,08/08/16 04:00:00 AM,68.698,,,,,
1918,08/08/16 05:00:00 AM,68.099,,,,,
1919,08/08/16 06:00:00 AM,67.586,,,,,
1920,08/08/16 07:00:00 AM,67.199,,,,,
1921,08/08/16 08:00:00 AM,67.158,,,,,
1922,08/08/16 09:00:00 AM,67.671,,,,,
1923,08/08/16 10:00:00 AM,68.185,,,,,
1924,08/08/16 11:00:00 AM,69.042,,,,,
1925,08/08/16 12:00:00 PM,70.158,,,,,
1926,08/08/16 01:00:00 PM,71.317,,,,,
1927,08/08/16 02:00:00 PM,72.610,,,,,
1928,08/08/16 03:00:00 PM,73.861,,,,,
1929,08/08/16 04:00:00 PM,74.597,,,,,
1930,08/08/16 05:00:00 PM,75.376,,,,,
1931,08/08/16 06:00:00 PM,75.724,,,,,
1932,08/08/16 07:00:00 PM,75.853,,,,,
1933,08/08/16 08:00:00 PM,75.853,,,,,
1934,08/08/16 09:00:00 PM,75.463,,,,,
1935,08/08/16 10:00:00 PM,74.986,,,,,
1936,08/08/16 11:00:00 PM,74.250,,,,,
1937,08/09/16 12:00:00 AM,73.386,,,,,
1938,08/09/16 01:00:00 AM,72.523,,,,,
1939,08/09/16 02:00:00 AM,71.620,,,,,
1940,08/09/16 03:00:00 AM,70.759,,,,,
1941,08/09/16 04:00:00 AM,69.985,,,,,
1942,08/09/16 05:00:00 AM,69.213,,,,,
1943,08/09/16 06:00:00 AM,68.571,,,,,
1944,08/09/16 07:00:00 AM,68.099,,,,,
1945,08/09/16 08:00:00 AM,67.798,,,,,
1946,08/09/16 09:00:00 AM,68.013,,,,,
1947,08/09/16 10:00:00 AM,68.614,,,,,
1948,08/09/16 11:00:00 AM,69.557,,,,,
1949,08/09/16 12:00:00 PM,70.502,,,,,
1950,08/09/16 01:00:00 PM,71.748,,,,,
1951,08/09/16 02:00:00 PM,72.523,,,,,
1952,08/09/16 03:00:00 PM,73.429,,,,,
1953,08/09/16 04:00:00 PM,74.467,,,,,
1954,08/09/16 05:00:00 PM,75.290,,,,,
1955,08/09/16 06:00:00 PM,75.594,,,,,
1956,08/09/16 07:00:00 PM,75.637,,,,,
1957,08/09/16 08:00:00 PM,75.463,,,,,
1958,08/09/16 09:00:00 PM,75.117,,,,,
1959,08/09/16 10:00:00 PM,74.467,,,,,
1960,08/09/16 11:00:00 PM,73.731,,,,,
1961,08/10/16 12:00:00 AM,72.997,,,,,
1962,08/10/16 01:00:00 AM,72.178,,,,,
1963,08/10/16 02:00:00 AM,71.533,,,,,
1964,08/10/16 03:00:00 AM,70.803,,,,,
1965,08/10/16 04:00:00 AM,70.115,,,,,
1966,08/10/16 05:00:00 AM,69.427,,,,,
1967,08/10/16 06:00:00 AM,68.871,,,,,
1968,08/10/16 07:00:00 AM,68.400,,,,,
1969,08/10/16 08:00:00 AM,68.099,,,,,
1970,08/10/16 09:00:00 AM,68.698,,,,,
1971,08/10/16 10:00:00 AM,69.170,,,,,
1972,08/10/16 11:00:00 AM,69.942,,,,,
1973,08/10/16 12:00:00 PM,70.803,,,,,
1974,08/10/16 01:00:00 PM,72.007,,,,,
1975,08/10/16 02:00:00 PM,73.213,,,,,
1976,08/10/16 03:00:00 PM,74.467,,,,,
1977,08/10/16 04:00:00 PM,75.204,,,,,
1978,08/10/16 05:00:00 PM,75.985,,,,,
1979,08/10/16 06:00:00 PM,76.289,,,,,
1980,08/10/16 07:00:00 PM,76.332,,,,,
1981,08/10/16 08:00:00 PM,76.114,,,,,
1982,08/10/16 09:00:00 PM,75.681,,,,,
1983,08/10/16 10:00:00 PM,75.117,,,,,
1984,08/10/16 11:00:00 PM,74.381,,,,,
1985,08/11/16 12:00:00 AM,73.472,,,,,
1986,08/11/16 01:00:00 AM,72.480,,,,,
1987,08/11/16 02:00:00 AM,71.490,,,,,
1988,08/11/16 03:00:00 AM,70.502,,,,,
1989,08/11/16 04:00:00 AM,69.643,,,,,
1990,08/11/16 05:00:00 AM,68.871,,,,,
1991,08/11/16 06:00:00 AM,68.227,,,,,
1992,08/11/16 07:00:00 AM,67.671,,,,,
1993,08/11/16 08:00:00 AM,67.285,,,,,
1994,08/11/16 09:00:00 AM,67.242,,,,,
1995,08/11/16 10:00:00 AM,67.627,,,,,
1996,08/11/16 11:00:00 AM,68.270,,,,,
1997,08/11/16 12:00:00 PM,69.343,,,,,
1998,08/11/16 01:00:00 PM,70.502,,,,,
1999,08/11/16 02:00:00 PM,71.704,,,,,
2000,08/11/16 03:00:00 PM,72.955,,,,,
2001,08/11/16 04:00:00 PM,73.774,,,,,
2002,08/11/16 05:00:00 PM,74.554,,,,,
2003,08/11/16 06:00:00 PM,74.813,,,,,
2004,08/11/16 07:00:00 PM,74.856,,,,,
2005,08/11/16 08:00:00 PM,73.688,,,,,
2006,08/11/16 09:00:00 PM,73.213,,,,,
2007,08/11/16 10:00:00 PM,72.221,,,,,
2008,08/11/16 11:00:00 PM,71.274,,,,,
2009,08/12/16 12:00:00 AM,70.115,,,,,
2010,08/12/16 01:00:00 AM,69.213,,,,,
2011,08/12/16 02:00:00 AM,68.013,,,,,
2012,08/12/16 03:00:00 AM,67.413,,,,,
2013,08/12/16 04:00:00 AM,66.814,,,,,
2014,08/12/16 05:00:00 AM,66.214,,,,,
2015,08/12/16 06:00:00 AM,65.872,,,,,
2016,08/12/16 07:00:00 AM,65.574,,,,,
2017,08/12/16 08:00:00 AM,65.403,,,,,
2018,08/12/16 09:00:00 AM,65.658,,,,,
2019,08/12/16 10:00:00 AM,66.214,,,,,
2020,08/12/16 11:00:00 AM,67.071,,,,,
2021,08/12/16 12:00:00 PM,68.185,,,,,
2022,08/12/16 01:00:00 PM,69.343,,,,,
2023,08/12/16 02:00:00 PM,70.543,,,,,
2024,08/12/16 03:00:00 PM,71.704,,,,,
2025,08/12/16 04:00:00 PM,72.696,,,,,
2026,08/12/16 05:00:00 PM,73.386,,,,,
2027,08/12/16 06:00:00 PM,73.688,,,,,
2028,08/12/16 07:00:00 PM,73.774,,,,,
2029,08/12/16 08:00:00 PM,73.731,,,,,
2030,08/12/16 09:00:00 PM,73.429,,,,,
2031,08/12/16 10:00:00 PM,72.955,,,,,
2032,08/12/16 11:00:00 PM,72.307,,,,,
2033,08/13/16 12:00:00 AM,71.577,,,,,
2034,08/13/16 01:00:00 AM,70.759,,,,,
2035,08/13/16 02:00:00 AM,69.858,,,,,
2036,08/13/16 03:00:00 AM,68.999,,,,,
2037,08/13/16 04:00:00 AM,68.227,,,,,
2038,08/13/16 05:00:00 AM,67.500,,,,,
2039,08/13/16 06:00:00 AM,66.857,,,,,
2040,08/13/16 07:00:00 AM,66.258,,,,,
2041,08/13/16 08:00:00 AM,66.000,,,,,
2042,08/13/16 09:00:00 AM,66.173,,,,,
2043,08/13/16 10:00:00 AM,66.643,,,,,
2044,08/13/16 11:00:00 AM,67.456,,,,,
2045,08/13/16 12:00:00 PM,68.484,,,,,
2046,08/13/16 01:00:00 PM,69.600,,,,,
2047,08/13/16 02:00:00 PM,70.759,,,,,
2048,08/13/16 03:00:00 PM,71.877,,,,,
2049,08/13/16 04:00:00 PM,72.739,,,,,
2050,08/13/16 05:00:00 PM,73.299,,,,,
2051,08/13/16 06:00:00 PM,73.558,,,,,
2052,08/13/16 07:00:00 PM,73.645,,,,,
2053,08/13/16 08:00:00 PM,73.602,,,,,
2054,08/13/16 09:00:00 PM,73.299,,,,,
2055,08/13/16 10:00:00 PM,72.826,,,,,
2056,08/13/16 11:00:00 PM,72.136,,,,,
2057,08/14/16 12:00:00 AM,71.361,,,,,
2058,08/14/16 01:00:00 AM,70.502,,,,,
2059,08/14/16 02:00:00 AM,69.600,,,,,
2060,08/14/16 03:00:00 AM,68.785,,,,,
2061,08/14/16 04:00:00 AM,68.056,,,,,
2062,08/14/16 05:00:00 AM,67.372,,,,,
2063,08/14/16 06:00:00 AM,66.729,,,,,
2064,08/14/16 07:00:00 AM,66.173,,,,,
2065,08/14/16 08:00:00 AM,65.829,,,,,
2066,08/14/16 09:00:00 AM,66.130,,,,,
2067,08/14/16 10:00:00 AM,66.729,,,,,
2068,08/14/16 11:00:00 AM,67.543,,,,,
2069,08/14/16 12:00:00 PM,68.614,,,,,
2070,08/14/16 01:00:00 PM,69.901,,,,,
2071,08/14/16 02:00:00 PM,70.974,,,,,
2072,08/14/16 03:00:00 PM,72.136,,,,,
2073,08/14/16 04:00:00 PM,73.040,,,,,
2074,08/14/16 05:00:00 PM,73.731,,,,,
2075,08/14/16 06:00:00 PM,74.034,,,,,
2076,08/14/16 07:00:00 PM,74.034,,,,,
2077,08/14/16 08:00:00 PM,73.904,,,,,
2078,08/14/16 09:00:00 PM,73.472,,,,,
2079,08/14/16 10:00:00 PM,72.912,,,,,
2080,08/14/16 11:00:00 PM,72.264,,,,,
2081,08/15/16 12:00:00 AM,71.447,,,,,
2082,08/15/16 01:00:00 AM,70.543,,,,,
2083,08/15/16 02:00:00 AM,69.685,,,,,
2084,08/15/16 03:00:00 AM,68.828,,,,,
2085,08/15/16 04:00:00 AM,68.056,,,,,
2086,08/15/16 05:00:00 AM,67.329,,,,,
2087,08/15/16 06:00:00 AM,66.643,,,,,
2088,08/15/16 07:00:00 AM,66.043,,,,,
2089,08/15/16 08:00:00 AM,65.658,,,,,
2090,08/15/16 09:00:00 AM,65.829,,,,,
2091,08/15/16 10:00:00 AM,66.301,,,,,
2092,08/15/16 11:00:00 AM,66.900,,,,,
2093,08/15/16 12:00:00 PM,67.757,,,,,
2094,08/15/16 01:00:00 PM,68.785,,,,,
2095,08/15/16 02:00:00 PM,69.643,,,,,
2096,08/15/16 03:00:00 PM,70.286,,,,,
2097,08/15/16 04:00:00 PM,70.887,,,,,
2098,08/15/16 05:00:00 PM,71.404,,,,,
2099,08/15/16 06:00:00 PM,71.704,,,,,
2100,08/15/16 07:00:00 PM,71.748,,,,,
2101,08/15/16 08:00:00 PM,71.620,,,,,
2102,08/15/16 09:00:00 PM,71.231,,,,,
2103,08/15/16 10:00:00 PM,70.587,,,,,
2104,08/15/16 11:00:00 PM,69.600,,,,,
2105,08/16/16 12:00:00 AM,68.785,,,,,
2106,08/16/16 01:00:00 AM,67.928,,,,,
2107,08/16/16 02:00:00 AM,67.199,,,,,
2108,08/16/16 03:00:00 AM,66.429,,,,,
2109,08/16/16 04:00:00 AM,65.701,,,,,
2110,08/16/16 05:00:00 AM,65.059,,,,,
2111,08/16/16 06:00:00 AM,64.418,,,,,
2112,08/16/16 07:00:00 AM,63.903,,,,,
2113,08/16/16 08:00:00 AM,63.604,,,,,
2114,08/16/16 09:00:00 AM,63.732,,,,,
2115,08/16/16 10:00:00 AM,64.288,,,,,
2116,08/16/16 11:00:00 AM,65.059,,,,,
2117,08/16/16 12:00:00 PM,66.130,,,,,
2118,08/16/16 01:00:00 PM,67.329,,,,,
2119,08/16/16 02:00:00 PM,68.527,,,,,
2120,08/16/16 03:00:00 PM,69.771,,,,,
2121,08/16/16 04:00:00 PM,70.803,,,,,
2122,08/16/16 05:00:00 PM,71.447,,,,,
2123,08/16/16 06:00:00 PM,71.791,,,,,
2124,08/16/16 07:00:00 PM,71.877,,,,,
2125,08/16/16 08:00:00 PM,71.834,,,,,
2126,08/16/16 09:00:00 PM,71.577,,,,,
2127,08/16/16 10:00:00 PM,71.146,,,,,
2128,08/16/16 11:00:00 PM,70.543,,,,,
2129,08/17/16 12:00:00 AM,69.942,,,,,
2130,08/17/16 01:00:00 AM,69.129,,,,,
2131,08/17/16 02:00:00 AM,68.313,,,,,
2132,08/17/16 03:00:00 AM,67.543,,,,,
2133,08/17/16 04:00:00 AM,66.772,,,,,
2134,08/17/16 05:00:00 AM,66.130,,,,,
2135,08/17/16 06:00:00 AM,65.444,,,,,
2136,08/17/16 07:00:00 AM,64.888,,,,,
2137,08/17/16 08:00:00 AM,64.459,,,,,
2138,08/17/16 09:00:00 AM,64.589,,,,,
2139,08/17/16 10:00:00 AM,65.188,,,,,
2140,08/17/16 11:00:00 AM,66.043,,,,,
2141,08/17/16 12:00:00 PM,67.114,,,,,
2142,08/17/16 01:00:00 PM,68.356,,,,,
2143,08/17/16 02:00:00 PM,69.600,,,,,
2144,08/17/16 03:00:00 PM,70.759,,,,,
2145,08/17/16 04:00:00 PM,71.661,,,,,
2146,08/17/16 05:00:00 PM,72.307,,,,,
2147,08/17/16 06:00:00 PM,72.783,,,,,
2148,08/17/16 07:00:00 PM,72.826,,,,,
2149,08/17/16 08:00:00 PM,72.739,,,,,
2150,08/17/16 09:00:00 PM,72.394,,,,,
2151,08/17/16 10:00:00 PM,71.964,,,,,
2152,08/17/16 11:00:00 PM,71.361,,,,,
2153,08/18/16 12:00:00 AM,70.543,,,,,
2154,08/18/16 01:00:00 AM,69.771,,,,,
2155,08/18/16 02:00:00 AM,68.913,,,,,
2156,08/18/16 03:00:00 AM,68.099,,,,,
2157,08/18/16 04:00:00 AM,67.285,,,,,
2158,08/18/16 05:00:00 AM,66.643,,,,,
2159,08/18/16 06:00:00 AM,66.043,,,,,
2160,08/18/16 07:00:00 AM,65.487,,,,,
2161,08/18/16 08:00:00 AM,65.017,,,,,
2162,08/18/16 09:00:00 AM,65.230,,,,,
2163,08/18/16 10:00:00 AM,65.745,,,,,
2164,08/18/16 11:00:00 AM,66.472,,,,,
2165,08/18/16 12:00:00 PM,67.329,,,,,
2166,08/18/16 01:00:00 PM,68.400,,,,,
2167,08/18/16 02:00:00 PM,69.427,,,,,
2168,08/18/16 03:00:00 PM,70.158,,,,,
2169,08/18/16 04:00:00 PM,70.630,,,,,
2170,08/18/16 05:00:00 PM,70.673,,,,,
2171,08/18/16 06:00:00 PM,70.673,,,,,
2172,08/18/16 07:00:00 PM,70.630,,,,,
2173,08/18/16 08:00:00 PM,70.372,,,,,
2174,08/18/16 09:00:00 PM,69.985,,,,,
2175,08/18/16 10:00:00 PM,69.386,,,,,
2176,08/18/16 11:00:00 PM,68.742,,,,,
2177,08/19/16 12:00:00 AM,68.099,,,,,
2178,08/19/16 01:00:00 AM,67.372,,,,,
2179,08/19/16 02:00:00 AM,66.686,,,,,
2180,08/19/16 03:00:00 AM,66.258,,,,,
2181,08/19/16 04:00:00 AM,65.916,,,,,
2182,08/19/16 05:00:00 AM,65.658,,,,,
2183,08/19/16 06:00:00 AM,65.359,,,,,
2184,08/19/16 07:00:00 AM,65.188,,,,,
2185,08/19/16 08:00:00 AM,65.059,,,,,
2186,08/19/16 09:00:00 AM,65.188,,,,,
2187,08/19/16 10:00:00 AM,65.574,,,,,
2188,08/19/16 11:00:00 AM,66.301,,,,,
2189,08/19/16 12:00:00 PM,67.114,,,,,
2190,08/19/16 01:00:00 PM,67.456,,,,,
2191,08/19/16 02:00:00 PM,67.757,,,,,
2192,08/19/16 03:00:00 PM,67.671,,,,,
2193,08/19/16 04:00:00 PM,67.543,,,,,
2194,08/19/16 05:00:00 PM,67.242,,,,,
2195,08/19/16 06:00:00 PM,66.900,,,,,
2196,08/19/16 07:00:00 PM,66.686,,,,,
2197,08/19/16 08:00:00 PM,66.173,,,,,
2198,08/19/16 09:00:00 PM,65.487,,,,,
2199,08/19/16 10:00:00 PM,64.760,,,,,
2200,08/19/16 11:00:00 PM,64.033,,,,,
2201,08/20/16 12:00:00 AM,63.433,,,,,
2202,08/20/16 01:00:00 AM,62.834,,,,,
2203,08/20/16 02:00:00 AM,62.362,,,,,
2204,08/20/16 03:00:00 AM,61.804,,,,,
2205,08/20/16 04:00:00 AM,61.290,,,,,
2206,08/20/16 05:00:00 AM,60.775,,,,,
2207,08/20/16 06:00:00 AM,60.303,,,,,
2208,08/20/16 07:00:00 AM,59.830,,,,,
2209,08/20/16 08:00:00 AM,59.529,,,,,
2210,08/20/16 09:00:00 AM,59.830,,,,,
2211,08/20/16 10:00:00 AM,60.433,,,,,
2212,08/20/16 11:00:00 AM,61.333,,,,,
2213,08/20/16 12:00:00 PM,62.406,,,,,
2214,08/20/16 01:00:00 PM,63.604,,,,,
2215,08/20/16 02:00:00 PM,64.845,,,,,
2216,08/20/16 03:00:00 PM,66.043,,,,,
2217,08/20/16 04:00:00 PM,67.071,,,,,
2218,08/20/16 05:00:00 PM,67.798,,,,,
2219,08/20/16 06:00:00 PM,68.142,,,,,
2220,08/20/16 07:00:00 PM,68.270,,,,,
2221,08/20/16 08:00:00 PM,68.227,,,,,
2222,08/20/16 09:00:00 PM,68.013,,,,,
2223,08/20/16 10:00:00 PM,67.586,,,,,
2224,08/20/16 11:00:00 PM,67.028,,,,,
2225,08/21/16 12:00:00 AM,66.258,,,,,
2226,08/21/16 01:00:00 AM,65.444,,,,,
2227,08/21/16 02:00:00 AM,64.589,,,,,
2228,08/21/16 03:00:00 AM,63.775,,,,,
2229,08/21/16 04:00:00 AM,63.048,,,,,
2230,08/21/16 05:00:00 AM,62.406,,,,,
2231,08/21/16 06:00:00 AM,61.804,,,,,
2232,08/21/16 07:00:00 AM,61.333,,,,,
2233,08/21/16 08:00:00 AM,60.991,,,,,
2234,08/21/16 09:00:00 AM,61.248,,,,,
2235,08/21/16 10:00:00 AM,61.804,,,,,
2236,08/21/16 11:00:00 AM,62.704,,,,,
2237,08/21/16 12:00:00 PM,63.903,,,,,
2238,08/21/16 01:00:00 PM,65.145,,,,,
2239,08/21/16 02:00:00 PM,66.385,,,,,
2240,08/21/16 03:00:00 PM,67.627,,,,,
2241,08/21/16 04:00:00 PM,68.742,,,,,
2242,08/21/16 05:00:00 PM,69.600,,,,,
2243,08/21/16 06:00:00 PM,70.115,,,,,
2244,08/21/16 07:00:00 PM,70.329,,,,,
2245,08/21/16 08:00:00 PM,70.329,,,,,
2246,08/21/16 09:00:00 PM,70.158,,,,,
2247,08/21/16 10:00:00 PM,69.728,,,,,
2248,08/21/16 11:00:00 PM,69.213,,,,,
2249,08/22/16 12:00:00 AM,68.527,,,,,
2250,08/22/16 01:00:00 AM,67.757,,,,,
2251,08/22/16 02:00:00 AM,66.900,,,,,
2252,08/22/16 03:00:00 AM,66.130,,,,,
2253,08/22/16 04:00:00 AM,65.403,,,,,
2254,08/22/16 05:00:00 AM,64.803,,,,,
2255,08/22/16 06:00:00 AM,64.288,,,,,
2256,08/22/16 07:00:00 AM,63.862,,,,,
2257,08/22/16 08:00:00 AM,63.604,,,,,
2258,08/22/16 09:00:00 AM,63.946,,,,,
2259,08/22/16 10:00:00 AM,64.546,,,,,
2260,08/22/16 11:00:00 AM,65.230,,,,,
2261,08/22/16 12:00:00 PM,66.301,,,,,
2262,08/22/16 01:00:00 PM,67.500,,,,,
2263,08/22/16 02:00:00 PM,68.657,,,,,
2264,08/22/16 03:00:00 PM,69.728,,,,,
2265,08/22/16 04:00:00 PM,70.716,,,,,
2266,08/22/16 05:00:00 PM,71.490,,,,,
2267,08/22/16 06:00:00 PM,71.834,,,,,
2268,08/22/16 07:00:00 PM,71.877,,,,,
2269,08/22/16 08:00:00 PM,71.834,,,,,
2270,08/22/16 09:00:00 PM,71.533,,,,,
2271,08/22/16 10:00:00 PM,71.017,,,,,
2272,08/22/16 11:00:00 PM,70.201,,,,,
2273,08/23/16 12:00:00 AM,69.386,,,,,
2274,08/23/16 01:00:00 AM,68.443,,,,,
2275,08/23/16 02:00:00 AM,67.500,,,,,
2276,08/23/16 03:00:00 AM,66.600,,,,,
2277,08/23/16 04:00:00 AM,65.788,,,,,
2278,08/23/16 05:00:00 AM,65.102,,,,,
2279,08/23/16 06:00:00 AM,64.459,,,,,
2280,08/23/16 07:00:00 AM,63.819,,,,,
2281,08/23/16 08:00:00 AM,63.390,,,,,
2282,08/23/16 09:00:00 AM,63.518,,,,,
2283,08/23/16 10:00:00 AM,63.946,,,,,
2284,08/23/16 11:00:00 AM,64.546,,,,,
2285,08/23/16 12:00:00 PM,65.230,,,,,
2286,08/23/16 01:00:00 PM,66.344,,,,,
2287,08/23/16 02:00:00 PM,67.456,,,,,
2288,08/23/16 03:00:00 PM,68.270,,,,,
2289,08/23/16 04:00:00 PM,68.999,,,,,
2290,08/23/16 05:00:00 PM,69.427,,,,,
2291,08/23/16 06:00:00 PM,69.514,,,,,
2292,08/23/16 07:00:00 PM,69.514,,,,,
2293,08/23/16 08:00:00 PM,69.386,,,,,
2294,08/23/16 09:00:00 PM,68.871,,,,,
2295,08/23/16 10:00:00 PM,68.527,,,,,
2296,08/23/16 11:00:00 PM,67.885,,,,,
2297,08/24/16 12:00:00 AM,67.071,,,,,
2298,08/24/16 01:00:00 AM,66.173,,,,,
2299,08/24/16 02:00:00 AM,65.359,,,,,
2300,08/24/16 03:00:00 AM,64.632,,,,,
2301,08/24/16 04:00:00 AM,63.903,,,,,
2302,08/24/16 05:00:00 AM,63.347,,,,,
2303,08/24/16 06:00:00 AM,62.919,,,,,
2304,08/24/16 07:00:00 AM,62.533,,,,,
2305,08/24/16 08:00:00 AM,62.233,,,,,
2306,08/24/16 09:00:00 AM,62.105,,,,,
2307,08/24/16 10:00:00 AM,62.191,,,,,
2308,08/24/16 11:00:00 AM,62.447,,,,,
2309,08/24/16 12:00:00 PM,62.834,,,,,
2310,08/24/16 01:00:00 PM,63.433,,,,,
2311,08/24/16 02:00:00 PM,64.332,,,,,
2312,08/24/16 03:00:00 PM,64.931,,,,,
2313,08/24/16 04:00:00 PM,65.316,,,,,
2314,08/24/16 05:00:00 PM,65.530,,,,,
2315,08/24/16 06:00:00 PM,65.701,,,,,
2316,08/24/16 07:00:00 PM,65.788,,,,,
2317,08/24/16 08:00:00 PM,65.745,,,,,
2318,08/24/16 09:00:00 PM,65.487,,,,,
2319,08/24/16 10:00:00 PM,65.273,,,,,
2320,08/24/16 11:00:00 PM,64.760,,,,,
2321,08/25/16 12:00:00 AM,64.074,,,,,
2322,08/25/16 01:00:00 AM,63.347,,,,,
2323,08/25/16 02:00:00 AM,62.704,,,,,
2324,08/25/16 03:00:00 AM,62.105,,,,,
2325,08/25/16 04:00:00 AM,61.590,,,,,
2326,08/25/16 05:00:00 AM,61.119,,,,,
2327,08/25/16 06:00:00 AM,60.690,,,,,
2328,08/25/16 07:00:00 AM,60.346,,,,,
2329,08/25/16 08:00:00 AM,60.174,,,,,
2330,08/25/16 09:00:00 AM,60.174,,,,,
2331,08/25/16 10:00:00 AM,60.561,,,,,
2332,08/25/16 11:00:00 AM,61.075,,,,,
2333,08/25/16 12:00:00 PM,62.105,,,,,
2334,08/25/16 01:00:00 PM,63.005,,,,,
2335,08/25/16 02:00:00 PM,63.648,,,,,
2336,08/25/16 03:00:00 PM,64.418,,,,,
2337,08/25/16 04:00:00 PM,65.145,,,,,
2338,08/25/16 05:00:00 PM,65.530,,,,,
2339,08/25/16 06:00:00 PM,65.829,,,,,
2340,08/25/16 07:00:00 PM,65.872,,,,,
2341,08/25/16 08:00:00 PM,65.788,,,,,
2342,08/25/16 09:00:00 PM,65.444,,,,,
2343,08/25/16 10:00:00 PM,65.102,,,,,
2344,08/25/16 11:00:00 PM,64.459,,,,,
2345,08/26/16 12:00:00 AM,63.775,,,,,
2346,08/26/16 01:00:00 AM,63.219,,,,,
2347,08/26/16 02:00:00 AM,62.661,,,,,
2348,08/26/16 03:00:00 AM,62.105,,,,,
2349,08/26/16 04:00:00 AM,61.590,,,,,
2350,08/26/16 05:00:00 AM,61.290,,,,,
2351,08/26/16 06:00:00 AM,60.991,,,,,
2352,08/26/16 07:00:00 AM,60.733,,,,,
2353,08/26/16 08:00:00 AM,60.604,,,,,
2354,08/26/16 09:00:00 AM,60.775,,,,,
2355,08/26/16 10:00:00 AM,61.075,,,,,
2356,08/26/16 11:00:00 AM,61.677,,,,,
2357,08/26/16 12:00:00 PM,62.704,,,,,
2358,08/26/16 01:00:00 PM,63.732,,,,,
2359,08/26/16 02:00:00 PM,64.888,,,,,
2360,08/26/16 03:00:00 PM,65.316,,,,,
2361,08/26/16 04:00:00 PM,65.872,,,,,
2362,08/26/16 05:00:00 PM,66.173,,,,,
2363,08/26/16 06:00:00 PM,66.472,,,,,
2364,08/26/16 07:00:00 PM,66.515,,,,,
2365,08/26/16 08:00:00 PM,66.472,,,,,
2366,08/26/16 09:00:00 PM,66.258,,,,,
2367,08/26/16 10:00:00 PM,65.959,,,,,
2368,08/26/16 11:00:00 PM,65.487,,,,,
2369,08/27/16 12:00:00 AM,64.931,,,,,
2370,08/27/16 01:00:00 AM,64.247,,,,,
2371,08/27/16 02:00:00 AM,63.648,,,,,
2372,08/27/16 03:00:00 AM,63.133,,,,,
2373,08/27/16 04:00:00 AM,62.620,,,,,
2374,08/27/16 05:00:00 AM,62.191,,,,,
2375,08/27/16 06:00:00 AM,61.848,,,,,
2376,08/27/16 07:00:00 AM,61.590,,,,,
2377,08/27/16 08:00:00 AM,61.376,,,,,
2378,08/27/16 09:00:00 AM,61.506,,,,,
2379,08/27/16 10:00:00 AM,62.062,,,,,
2380,08/27/16 11:00:00 AM,62.875,,,,,
2381,08/27/16 12:00:00 PM,63.903,,,,,
2382,08/27/16 01:00:00 PM,64.931,,,,,
2383,08/27/16 02:00:00 PM,66.043,,,,,
2384,08/27/16 03:00:00 PM,67.199,,,,,
2385,08/27/16 04:00:00 PM,68.056,,,,,
2386,08/27/16 05:00:00 PM,68.698,,,,,
2387,08/27/16 06:00:00 PM,69.129,,,,,
2388,08/27/16 07:00:00 PM,69.256,,,,,
2389,08/27/16 08:00:00 PM,69.213,,,,,
2390,08/27/16 09:00:00 PM,68.999,,,,,
2391,08/27/16 10:00:00 PM,68.571,,,,,
2392,08/27/16 11:00:00 PM,68.013,,,,,
2393,08/28/16 12:00:00 AM,67.329,,,,,
2394,08/28/16 01:00:00 AM,66.600,,,,,
2395,08/28/16 02:00:00 AM,65.788,,,,,
2396,08/28/16 03:00:00 AM,65.017,,,,,
2397,08/28/16 04:00:00 AM,64.375,,,,,
2398,08/28/16 05:00:00 AM,63.732,,,,,
2399,08/28/16 06:00:00 AM,63.090,,,,,
2400,08/28/16 07:00:00 AM,62.577,,,,,
2401,08/28/16 08:00:00 AM,62.191,,,,,
2402,08/28/16 09:00:00 AM,62.362,,,,,
2403,08/28/16 10:00:00 AM,62.919,,,,,
2404,08/28/16 11:00:00 AM,63.689,,,,,
2405,08/28/16 12:00:00 PM,64.674,,,,,
2406,08/28/16 01:00:00 PM,65.959,,,,,
2407,08/28/16 02:00:00 PM,66.900,,,,,
2408,08/28/16 03:00:00 PM,67.798,,,,,
2409,08/28/16 04:00:00 PM,68.614,,,,,
2410,08/28/16 05:00:00 PM,69.343,,,,,
2411,08/28/16 06:00:00 PM,69.814,,,,,
2412,08/28/16 07:00:00 PM,69.985,,,,,
2413,08/28/16 08:00:00 PM,69.985,,,,,
2414,08/28/16 09:00:00 PM,69.814,,,,,
2415,08/28/16 10:00:00 PM,69.343,,,,,
2416,08/28/16 11:00:00 PM,68.614,,,,,
2417,08/29/16 12:00:00 AM,67.798,,,,,
2418,08/29/16 01:00:00 AM,66.900,,,,,
2419,08/29/16 02:00:00 AM,66.087,,,,,
2420,08/29/16 03:00:00 AM,65.316,,,,,
2421,08/29/16 04:00:00 AM,64.589,,,,,
2422,08/29/16 05:00:00 AM,63.862,,,,,
2423,08/29/16 06:00:00 AM,63.219,,,,,
2424,08/29/16 07:00:00 AM,62.704,,,,,
2425,08/29/16 08:00:00 AM,62.362,,,,,
2426,08/29/16 09:00:00 AM,62.577,,,,,
2427,08/29/16 10:00:00 AM,63.176,,,,,
2428,08/29/16 11:00:00 AM,63.903,,,,,
2429,08/29/16 12:00:00 PM,64.760,,,,,
2430,08/29/16 01:00:00 PM,65.701,,,,,
2431,08/29/16 02:00:00 PM,66.429,,,,,
2432,08/29/16 03:00:00 PM,67.456,,,,,
2433,08/29/16 04:00:00 PM,68.270,,,,,
2434,08/29/16 05:00:00 PM,68.785,,,,,
2435,08/29/16 06:00:00 PM,69.085,,,,,
2436,08/29/16 07:00:00 PM,69.300,,,,,
2437,08/29/16 08:00:00 PM,69.427,,,,,
2438,08/29/16 09:00:00 PM,69.300,,,,,
2439,08/29/16 10:00:00 PM,68.913,,,,,
2440,08/29/16 11:00:00 PM,68.527,,,,,
2441,08/30/16 12:00:00 AM,67.885,,,,,
2442,08/30/16 01:00:00 AM,67.028,,,,,
2443,08/30/16 02:00:00 AM,66.301,,,,,
2444,08/30/16 03:00:00 AM,65.615,,,,,
2445,08/30/16 04:00:00 AM,64.931,,,,,
2446,08/30/16 05:00:00 AM,64.247,,,,,
2447,08/30/16 06:00:00 AM,63.689,,,,,
2448,08/30/16 07:00:00 AM,63.133,,,,,
2449,08/30/16 08:00:00 AM,62.748,,,,,
2450,08/30/16 09:00:00 AM,62.704,,,,,
2451,08/30/16 10:00:00 AM,63.262,,,,,
2452,08/30/16 11:00:00 AM,64.074,,,,,
2453,08/30/16 12:00:00 PM,65.102,,,,,
2454,08/30/16 01:00:00 PM,66.301,,,,,
2455,08/30/16 02:00:00 PM,67.500,,,,,
2456,08/30/16 03:00:00 PM,68.527,,,,,
2457,08/30/16 04:00:00 PM,69.427,,,,,
2458,08/30/16 05:00:00 PM,70.201,,,,,
2459,08/30/16 06:00:00 PM,70.587,,,,,
2460,08/30/16 07:00:00 PM,70.673,,,,,
2461,08/30/16 08:00:00 PM,70.630,,,,,
2462,08/30/16 09:00:00 PM,70.459,,,,,
2463,08/30/16 10:00:00 PM,70.072,,,,,
2464,08/30/16 11:00:00 PM,69.514,,,,,
2465,08/31/16 12:00:00 AM,68.828,,,,,
2466,08/31/16 01:00:00 AM,67.971,,,,,
2467,08/31/16 02:00:00 AM,67.071,,,,,
2468,08/31/16 03:00:00 AM,66.173,,,,,
2469,08/31/16 04:00:00 AM,65.444,,,,,
2470,08/31/16 05:00:00 AM,64.760,,,,,
2471,08/31/16 06:00:00 AM,64.204,,,,,
2472,08/31/16 07:00:00 AM,63.775,,,,,
2473,08/31/16 08:00:00 AM,63.475,,,,,
2474,08/31/16 09:00:00 AM,63.518,,,,,
2475,08/31/16 10:00:00 AM,64.033,,,,,
2476,08/31/16 11:00:00 AM,64.803,,,,,
2477,08/31/16 12:00:00 PM,65.701,,,,,
2478,08/31/16 01:00:00 PM,66.900,,,,,
2479,08/31/16 02:00:00 PM,67.757,,,,,
2480,08/31/16 03:00:00 PM,68.657,,,,,
2481,08/31/16 04:00:00 PM,69.427,,,,,
2482,08/31/16 05:00:00 PM,69.858,,,,,
2483,08/31/16 06:00:00 PM,70.158,,,,,
2484,08/31/16 07:00:00 PM,70.158,,,,,
2485,08/31/16 08:00:00 PM,70.029,,,,,
2486,08/31/16 09:00:00 PM,69.728,,,,,
2487,08/31/16 10:00:00 PM,69.300,,,,,
2488,08/31/16 11:00:00 PM,68.785,,,,,
2489,09/01/16 12:00:00 AM,68.185,,,,,
2490,09/01/16 01:00:00 AM,67.456,,,,,
2491,09/01/16 02:00:00 AM,66.686,,,,,
2492,09/01/16 03:00:00 AM,66.043,,,,,
2493,09/01/16 04:00:00 AM,65.530,,,,,
2494,09/01/16 05:00:00 AM,65.102,,,,,
2495,09/01/16 06:00:00 AM,64.674,,,,,
2496,09/01/16 07:00:00 AM,64.418,,,,,
2497,09/01/16 08:00:00 AM,64.332,,,,,
2498,09/01/16 09:00:00 AM,64.418,,,,,
2499,09/01/16 10:00:00 AM,64.674,,,,,
2500,09/01/16 11:00:00 AM,65.102,,,,,
2501,09/01/16 12:00:00 PM,65.745,,,,,
2502,09/01/16 01:00:00 PM,66.814,,,,,
2503,09/01/16 02:00:00 PM,67.627,,,,,
2504,09/01/16 03:00:00 PM,68.313,,,,,
2505,09/01/16 04:00:00 PM,68.871,,,,,
2506,09/01/16 05:00:00 PM,69.300,,,,,
2507,09/01/16 06:00:00 PM,69.471,,,,,
2508,09/01/16 07:00:00 PM,69.557,,,,,
2509,09/01/16 08:00:00 PM,69.514,,,,,
2510,09/01/16 09:00:00 PM,69.213,,,,,
2511,09/01/16 10:00:00 PM,68.828,,,,,
2512,09/01/16 11:00:00 PM,68.185,,,,,
2513,09/02/16 12:00:00 AM,67.500,,,,,
2514,09/02/16 01:00:00 AM,66.857,,,,,
2515,09/02/16 02:00:00 AM,66.301,,,,,
2516,09/02/16 03:00:00 AM,65.745,,,,,
2517,09/02/16 04:00:00 AM,65.273,,,,,
2518,09/02/16 05:00:00 AM,64.845,,,,,
2519,09/02/16 06:00:00 AM,64.503,,,,,
2520,09/02/16 07:00:00 AM,64.204,,,,,
2521,09/02/16 08:00:00 AM,64.074,,,,,
2522,09/02/16 09:00:00 AM,64.074,,,,,
2523,09/02/16 10:00:00 AM,64.288,,,,,
2524,09/02/16 11:00:00 AM,64.674,,,,,
2525,09/02/16 12:00:00 PM,65.017,,,,,
2526,09/02/16 01:00:00 PM,65.273,,,,,
2527,09/02/16 02:00:00 PM,65.745,,,,,
2528,09/02/16 03:00:00 PM,66.344,,,,,
2529,09/02/16 04:00:00 PM,66.943,,,,,
2530,09/02/16 05:00:00 PM,67.158,,,,,
2531,09/02/16 06:00:00 PM,67.242,,,,,
2532,09/02/16 07:00:00 PM,67.329,,,,,
2533,09/02/16 08:00:00 PM,67.242,,,,,
2534,09/02/16 09:00:00 PM,67.071,,,,,
2535,09/02/16 10:00:00 PM,66.857,,,,,
2536,09/02/16 11:00:00 PM,66.686,,,,,
2537,09/03/16 12:00:00 AM,66.385,,,,,
2538,09/03/16 01:00:00 AM,66.000,,,,,
2539,09/03/16 02:00:00 AM,65.530,,,,,
2540,09/03/16 03:00:00 AM,65.059,,,,,
2541,09/03/16 04:00:00 AM,64.632,,,,,
2542,09/03/16 05:00:00 AM,64.204,,,,,
2543,09/03/16 06:00:00 AM,63.775,,,,,
2544,09/03/16 07:00:00 AM,63.347,,,,,
2545,09/03/16 08:00:00 AM,63.090,,,,,
2546,09/03/16 09:00:00 AM,63.475,,,,,
2547,09/03/16 10:00:00 AM,64.117,,,,,
2548,09/03/16 11:00:00 AM,64.803,,,,,
2549,09/03/16 12:00:00 PM,65.872,,,,,
2550,09/03/16 01:00:00 PM,66.943,,,,,
2551,09/03/16 02:00:00 PM,68.099,,,,,
2552,09/03/16 03:00:00 PM,68.871,,,,,
2553,09/03/16 04:00:00 PM,69.471,,,,,
2554,09/03/16 05:00:00 PM,69.901,,,,,
2555,09/03/16 06:00:00 PM,70.115,,,,,
2556,09/03/16 07:00:00 PM,70.158,,,,,
2557,09/03/16 08:00:00 PM,69.942,,,,,
2558,09/03/16 09:00:00 PM,69.600,,,,,
2559,09/03/16 10:00:00 PM,69.129,,,,,
2560,09/03/16 11:00:00 PM,68.356,,,,,
2561,09/04/16 12:00:00 AM,67.671,,,,,
2562,09/04/16 01:00:00 AM,66.943,,,,,
2563,09/04/16 02:00:00 AM,66.301,,,,,
2564,09/04/16 03:00:00 AM,65.745,,,,,
2565,09/04/16 04:00:00 AM,65.273,,,,,
2566,09/04/16 05:00:00 AM,64.888,,,,,
2567,09/04/16 06:00:00 AM,64.503,,,,,
2568,09/04/16 07:00:00 AM,64.204,,,,,
2569,09/04/16 08:00:00 AM,63.946,,,,,
2570,09/04/16 09:00:00 AM,64.247,,,,,
2571,09/04/16 10:00:00 AM,64.674,,,,,
2572,09/04/16 11:00:00 AM,65.102,,,,,
2573,09/04/16 12:00:00 PM,65.359,,,,,
2574,09/04/16 01:00:00 PM,66.173,,,,,
2575,09/04/16 02:00:00 PM,67.158,,,,,
2576,09/04/16 03:00:00 PM,67.842,,,,,
2577,09/04/16 04:00:00 PM,68.142,,,,,
2578,09/04/16 05:00:00 PM,68.185,,,,,
2579,09/04/16 06:00:00 PM,68.527,,,,,
2580,09/04/16 07:00:00 PM,68.527,,,,,
2581,09/04/16 08:00:00 PM,68.099,,,,,
2582,09/04/16 09:00:00 PM,67.627,,,,,
2583,09/04/16 10:00:00 PM,67.285,,,,,
2584,09/04/16 11:00:00 PM,66.686,,,,,
2585,09/05/16 12:00:00 AM,66.173,,,,,
2586,09/05/16 01:00:00 AM,65.701,,,,,
2587,09/05/16 02:00:00 AM,65.316,,,,,
2588,09/05/16 03:00:00 AM,64.974,,,,,
2589,09/05/16 04:00:00 AM,64.632,,,,,
2590,09/05/16 05:00:00 AM,64.375,,,,,
2591,09/05/16 06:00:00 AM,64.204,,,,,
2592,09/05/16 07:00:00 AM,64.074,,,,,
2593,09/05/16 08:00:00 AM,63.990,,,,,
2594,09/05/16 09:00:00 AM,64.074,,,,,
2595,09/05/16 10:00:00 AM,64.459,,,,,
2596,09/05/16 11:00:00 AM,65.273,,,,,
2597,09/05/16 12:00:00 PM,66.214,,,,,
2598,09/05/16 01:00:00 PM,67.199,,,,,
2599,09/05/16 02:00:00 PM,68.142,,,,,
2600,09/05/16 03:00:00 PM,69.042,,,,,
2601,09/05/16 04:00:00 PM,69.643,,,,,
2602,09/05/16 05:00:00 PM,69.942,,,,,
2603,09/05/16 06:00:00 PM,70.158,,,,,
2604,09/05/16 07:00:00 PM,70.201,,,,,
2605,09/05/16 08:00:00 PM,70.072,,,,,
2606,09/05/16 09:00:00 PM,69.814,,,,,
2607,09/05/16 10:00:00 PM,69.386,,,,,
2608,09/05/16 11:00:00 PM,68.785,,,,,
2609,09/06/16 12:00:00 AM,68.056,,,,,
2610,09/06/16 01:00:00 AM,67.285,,,,,
2611,09/06/16 02:00:00 AM,66.643,,,,,
2612,09/06/16 03:00:00 AM,66.130,,,,,
2613,09/06/16 04:00:00 AM,65.701,,,,,
2614,09/06/16 05:00:00 AM,65.316,,,,,
2615,09/06/16 06:00:00 AM,65.017,,,,,
2616,09/06/16 07:00:00 AM,64.803,,,,,
2617,09/06/16 08:00:00 AM,64.632,,,,,
2618,09/06/16 09:00:00 AM,64.589,,,,,
2619,09/06/16 10:00:00 AM,64.760,,,,,
2620,09/06/16 11:00:00 AM,64.931,,,,,
2621,09/06/16 12:00:00 PM,65.359,,,,,
2622,09/06/16 01:00:00 PM,65.872,,,,,
2623,09/06/16 02:00:00 PM,66.472,,,,,
2624,09/06/16 03:00:00 PM,66.814,,,,,
2625,09/06/16 04:00:00 PM,67.158,,,,,
2626,09/06/16 05:00:00 PM,67.242,,,,,
2627,09/06/16 06:00:00 PM,67.158,,,,,
2628,09/06/16 07:00:00 PM,67.071,,,,,
2629,09/06/16 08:00:00 PM,66.943,,,,,
2630,09/06/16 09:00:00 PM,66.643,,,,,
2631,09/06/16 10:00:00 PM,66.344,,,,,
2632,09/06/16 11:00:00 PM,65.916,,,,,
2633,09/07/16 12:00:00 AM,65.487,,,,,
2634,09/07/16 01:00:00 AM,65.017,,,,,
2635,09/07/16 02:00:00 AM,64.632,,,,,
2636,09/07/16 03:00:00 AM,64.332,,,,,
2637,09/07/16 04:00:00 AM,64.074,,,,,
2638,09/07/16 05:00:00 AM,63.903,,,,,
2639,09/07/16 06:00:00 AM,63.648,,,,,
2640,09/07/16 07:00:00 AM,63.433,,,,,
2641,09/07/16 08:00:00 AM,63.347,,,,,
2642,09/07/16 09:00:00 AM,63.689,,,,,
2643,09/07/16 10:00:00 AM,64.247,,,,,
2644,09/07/16 11:00:00 AM,64.931,,,,,
2645,09/07/16 12:00:00 PM,65.829,,,,,
2646,09/07/16 01:00:00 PM,66.772,,,,,
2647,09/07/16 02:00:00 PM,67.627,,,,,
2648,09/07/16 03:00:00 PM,68.313,,,,,
2649,09/07/16 04:00:00 PM,68.742,,,,,
2650,09/07/16 05:00:00 PM,69.042,,,,,
2651,09/07/16 06:00:00 PM,69.129,,,,,
2652,09/07/16 07:00:00 PM,69.129,,,,,
2653,09/07/16 08:00:00 PM,68.871,,,,,
2654,09/07/16 09:00:00 PM,68.443,,,,,
2655,09/07/16 10:00:00 PM,67.798,,,,,
2656,09/07/16 11:00:00 PM,67.071,,,,,
2657,09/08/16 12:00:00 AM,66.258,,,,,
2658,09/08/16 01:00:00 AM,65.444,,,,,
2659,09/08/16 02:00:00 AM,64.717,,,,,
2660,09/08/16 03:00:00 AM,63.990,,,,,
2661,09/08/16 04:00:00 AM,63.304,,,,,
2662,09/08/16 05:00:00 AM,62.620,,,,,
2663,09/08/16 06:00:00 AM,62.019,,,,,
2664,09/08/16 07:00:00 AM,61.506,,,,,
2665,09/08/16 08:00:00 AM,61.032,,,,,
2666,09/08/16 09:00:00 AM,61.119,,,,,
2667,09/08/16 10:00:00 AM,61.677,,,,,
2668,09/08/16 11:00:00 AM,62.533,,,,,
2669,09/08/16 12:00:00 PM,63.561,,,,,
2670,09/08/16 01:00:00 PM,64.632,,,,,
2671,09/08/16 02:00:00 PM,65.701,,,,,
2672,09/08/16 03:00:00 PM,66.643,,,,,
2673,09/08/16 04:00:00 PM,67.329,,,,,
2674,09/08/16 05:00:00 PM,67.627,,,,,
2675,09/08/16 06:00:00 PM,67.671,,,,,
2676,09/08/16 07:00:00 PM,67.586,,,,,
2677,09/08/16 08:00:00 PM,67.329,,,,,
2678,09/08/16 09:00:00 PM,66.814,,,,,
2679,09/08/16 10:00:00 PM,66.301,,,,,
2680,09/08/16 11:00:00 PM,65.701,,,,,
2681,09/09/16 12:00:00 AM,65.017,,,,,
2682,09/09/16 01:00:00 AM,64.247,,,,,
2683,09/09/16 02:00:00 AM,63.518,,,,,
2684,09/09/16 03:00:00 AM,62.834,,,,,
2685,09/09/16 04:00:00 AM,62.276,,,,,
2686,09/09/16 05:00:00 AM,61.761,,,,,
2687,09/09/16 06:00:00 AM,61.290,,,,,
2688,09/09/16 07:00:00 AM,60.818,,,,,
2689,09/09/16 08:00:00 AM,60.474,,,,,
2690,09/09/16 09:00:00 AM,60.561,,,,,
2691,09/09/16 10:00:00 AM,60.861,,,,,
2692,09/09/16 11:00:00 AM,61.162,,,,,
2693,09/09/16 12:00:00 PM,61.205,,,,,
2694,09/09/16 01:00:00 PM,61.376,,,,,
2695,09/09/16 02:00:00 PM,61.506,,,,,
2696,09/09/16 03:00:00 PM,61.848,,,,,
2697,09/09/16 04:00:00 PM,62.062,,,,,
2698,09/09/16 05:00:00 PM,62.148,,,,,
2699,09/09/16 06:00:00 PM,62.105,,,,,
2700,09/09/16 07:00:00 PM,61.761,,,,,
2701,09/09/16 08:00:00 PM,61.333,,,,,
2702,09/09/16 09:00:00 PM,60.991,,,,,
2703,09/09/16 10:00:00 PM,60.647,,,,,
2704,09/09/16 11:00:00 PM,60.217,,,,,
2705,09/10/16 12:00:00 AM,59.745,,,,,
2706,09/10/16 01:00:00 AM,59.229,,,,,
2707,09/10/16 02:00:00 AM,58.669,,,,,
2708,09/10/16 03:00:00 AM,58.066,,,,,
2709,09/10/16 04:00:00 AM,57.549,,,,,
2710,09/10/16 05:00:00 AM,57.117,,,,,
2711,09/10/16 06:00:00 AM,56.642,,,,,
2712,09/10/16 07:00:00 AM,56.165,,,,,
2713,09/10/16 08:00:00 AM,55.776,,,,,
2714,09/10/16 09:00:00 AM,55.949,,,,,
2715,09/10/16 10:00:00 AM,56.512,,,,,
2716,09/10/16 11:00:00 AM,57.333,,,,,
2717,09/10/16 12:00:00 PM,58.411,,,,,
2718,09/10/16 01:00:00 PM,59.616,,,,,
2719,09/10/16 02:00:00 PM,60.861,,,,,
2720,09/10/16 03:00:00 PM,62.019,,,,,
2721,09/10/16 04:00:00 PM,62.962,,,,,
2722,09/10/16 05:00:00 PM,63.648,,,,,
2723,09/10/16 06:00:00 PM,64.204,,,,,
2724,09/10/16 07:00:00 PM,64.375,,,,,
2725,09/10/16 08:00:00 PM,64.418,,,,,
2726,09/10/16 09:00:00 PM,64.332,,,,,
2727,09/10/16 10:00:00 PM,63.946,,,,,
2728,09/10/16 11:00:00 PM,63.433,,,,,
2729,09/11/16 12:00:00 AM,62.661,,,,,
2730,09/11/16 01:00:00 AM,61.848,,,,,
2731,09/11/16 02:00:00 AM,61.075,,,,,
2732,09/11/16 03:00:00 AM,60.346,,,,,
2733,09/11/16 04:00:00 AM,59.659,,,,,
2734,09/11/16 05:00:00 AM,59.014,,,,,
2735,09/11/16 06:00:00 AM,58.368,,,,,
2736,09/11/16 07:00:00 AM,57.807,,,,,
2737,09/11/16 08:00:00 AM,57.376,,,,,
2738,09/11/16 09:00:00 AM,57.506,,,,,
2739,09/11/16 10:00:00 AM,58.066,,,,,
2740,09/11/16 11:00:00 AM,58.885,,,,,
2741,09/11/16 12:00:00 PM,59.959,,,,,
2742,09/11/16 01:00:00 PM,61.119,,,,,
2743,09/11/16 02:00:00 PM,62.233,,,,,
2744,09/11/16 03:00:00 PM,63.176,,,,,
2745,09/11/16 04:00:00 PM,63.946,,,,,
2746,09/11/16 05:00:00 PM,64.418,,,,,
2747,09/11/16 06:00:00 PM,64.717,,,,,
2748,09/11/16 07:00:00 PM,64.760,,,,,
2749,09/11/16 08:00:00 PM,64.674,,,,,
2750,09/11/16 09:00:00 PM,64.503,,,,,
2751,09/11/16 10:00:00 PM,64.161,,,,,
2752,09/11/16 11:00:00 PM,63.689,,,,,
2753,09/12/16 12:00:00 AM,63.090,,,,,
2754,09/12/16 01:00:00 AM,62.447,,,,,
2755,09/12/16 02:00:00 AM,61.848,,,,,
2756,09/12/16 03:00:00 AM,61.248,,,,,
2757,09/12/16 04:00:00 AM,60.733,,,,,
2758,09/12/16 05:00:00 AM,60.346,,,,,
2759,09/12/16 06:00:00 AM,59.916,,,,,
2760,09/12/16 07:00:00 AM,59.486,,,,,
2761,09/12/16 08:00:00 AM,59.229,,,,,
2762,09/12/16 09:00:00 AM,59.099,,,,,
2763,09/12/16 10:00:00 AM,59.401,,,,,
2764,09/12/16 11:00:00 AM,60.003,,,,,
2765,09/12/16 12:00:00 PM,60.733,,,,,
2766,09/12/16 01:00:00 PM,61.462,,,,,
2767,09/12/16 02:00:00 PM,62.191,,,,,
2768,09/12/16 03:00:00 PM,62.661,,,,,
2769,09/12/16 04:00:00 PM,62.834,,,,,
2770,09/12/16 05:00:00 PM,62.919,,,,,
2771,09/12/16 06:00:00 PM,62.919,,,,,
2772,09/12/16 07:00:00 PM,62.748,,,,,
2773,09/12/16 08:00:00 PM,62.406,,,,,
2774,09/12/16 09:00:00 PM,61.977,,,,,
2775,09/12/16 10:00:00 PM,61.462,,,,,
2776,09/12/16 11:00:00 PM,60.861,,,,,
2777,09/13/16 12:00:00 AM,60.260,,,,,
2778,09/13/16 01:00:00 AM,59.659,,,,,
2779,09/13/16 02:00:00 AM,59.056,,,,,
2780,09/13/16 03:00:00 AM,58.541,,,,,
2781,09/13/16 04:00:00 AM,58.109,,,,,
2782,09/13/16 05:00:00 AM,57.679,,,,,
2783,09/13/16 06:00:00 AM,57.376,,,,,
2784,09/13/16 07:00:00 AM,57.031,,,,,
2785,09/13/16 08:00:00 AM,56.815,,,,,
2786,09/13/16 09:00:00 AM,56.685,,,,,
2787,09/13/16 10:00:00 AM,56.599,,,,,
2788,09/13/16 11:00:00 AM,56.556,,,,,
2789,09/13/16 12:00:00 PM,56.599,,,,,
2790,09/13/16 01:00:00 PM,56.901,,,,,
2791,09/13/16 02:00:00 PM,57.247,,,,,
2792,09/13/16 03:00:00 PM,57.463,,,,,
2793,09/13/16 04:00:00 PM,57.636,,,,,
2794,09/13/16 05:00:00 PM,57.765,,,,,
2795,09/13/16 06:00:00 PM,57.979,,,,,
2796,09/13/16 07:00:00 PM,58.023,,,,,
2797,09/13/16 08:00:00 PM,58.023,,,,,
2798,09/13/16 09:00:00 PM,57.979,,,,,
2799,09/13/16 10:00:00 PM,57.936,,,,,
2800,09/13/16 11:00:00 PM,57.807,,,,,
2801,09/14/16 12:00:00 AM,57.679,,,,,
2802,09/14/16 01:00:00 AM,57.376,,,,,
2803,09/14/16 02:00:00 AM,57.074,,,,,
2804,09/14/16 03:00:00 AM,56.772,,,,,
2805,09/14/16 04:00:00 AM,56.512,,,,,
2806,09/14/16 05:00:00 AM,56.340,,,,,
2807,09/14/16 06:00:00 AM,56.208,,,,,
2808,09/14/16 07:00:00 AM,56.122,,,,,
2809,09/14/16 08:00:00 AM,56.079,,,,,
2810,09/14/16 09:00:00 AM,56.340,,,,,
2811,09/14/16 10:00:00 AM,56.599,,,,,
2812,09/14/16 11:00:00 AM,57.031,,,,,
2813,09/14/16 12:00:00 PM,57.636,,,,,
2814,09/14/16 01:00:00 PM,58.885,,,,,
2815,09/14/16 02:00:00 PM,59.529,,,,,
2816,09/14/16 03:00:00 PM,60.733,,,,,
2817,09/14/16 04:00:00 PM,61.419,,,,,
2818,09/14/16 05:00:00 PM,61.977,,,,,
2819,09/14/16 06:00:00 PM,62.233,,,,,
2820,09/14/16 07:00:00 PM,62.319,,,,,
2821,09/14/16 08:00:00 PM,62.319,,,,,
2822,09/14/16 09:00:00 PM,62.276,,,,,
2823,09/14/16 10:00:00 PM,62.062,,,,,
2824,09/14/16 11:00:00 PM,61.848,,,,,
2825,09/15/16 12:00:00 AM,61.506,,,,,
2826,09/15/16 01:00:00 AM,61.162,,,,,
2827,09/15/16 02:00:00 AM,60.818,,,,,
2828,09/15/16 03:00:00 AM,60.474,,,,,
2829,09/15/16 04:00:00 AM,60.132,,,,,
2830,09/15/16 05:00:00 AM,59.873,,,,,
2831,09/15/16 06:00:00 AM,59.572,,,,,
2832,09/15/16 07:00:00 AM,59.272,,,,,
2833,09/15/16 08:00:00 AM,58.928,,,,,
2834,09/15/16 09:00:00 AM,59.014,,,,,
2835,09/15/16 10:00:00 AM,59.445,,,,,
2836,09/15/16 11:00:00 AM,60.089,,,,,
2837,09/15/16 12:00:00 PM,60.904,,,,,
2838,09/15/16 01:00:00 PM,61.633,,,,,
2839,09/15/16 02:00:00 PM,61.761,,,,,
2840,09/15/16 03:00:00 PM,61.934,,,,,
2841,09/15/16 04:00:00 PM,62.233,,,,,
2842,09/15/16 05:00:00 PM,62.533,,,,,
2843,09/15/16 06:00:00 PM,62.620,,,,,
2844,09/15/16 07:00:00 PM,62.447,,,,,
2845,09/15/16 08:00:00 PM,62.233,,,,,
2846,09/15/16 09:00:00 PM,61.891,,,,,
2847,09/15/16 10:00:00 PM,61.333,,,,,
2848,09/15/16 11:00:00 PM,60.690,,,,,
2849,09/16/16 12:00:00 AM,60.217,,,,,
2850,09/16/16 01:00:00 AM,59.702,,,,,
2851,09/16/16 02:00:00 AM,59.185,,,,,
2852,09/16/16 03:00:00 AM,58.582,,,,,
2853,09/16/16 04:00:00 AM,58.066,,,,,
2854,09/16/16 05:00:00 AM,57.636,,,,,
2855,09/16/16 06:00:00 AM,57.204,,,,,
2856,09/16/16 07:00:00 AM,56.815,,,,,
2857,09/16/16 08:00:00 AM,56.512,,,,,
2858,09/16/16 09:00:00 AM,56.642,,,,,
2859,09/16/16 10:00:00 AM,57.160,,,,,
2860,09/16/16 11:00:00 AM,57.893,,,,,
2861,09/16/16 12:00:00 PM,58.885,,,,,
2862,09/16/16 01:00:00 PM,59.788,,,,,
2863,09/16/16 02:00:00 PM,60.861,,,,,
2864,09/16/16 03:00:00 PM,61.677,,,,,
2865,09/16/16 04:00:00 PM,62.319,,,,,
2866,09/16/16 05:00:00 PM,62.791,,,,,
2867,09/16/16 06:00:00 PM,62.962,,,,,
2868,09/16/16 07:00:00 PM,62.875,,,,,
2869,09/16/16 08:00:00 PM,62.533,,,,,
2870,09/16/16 09:00:00 PM,62.105,,,,,
2871,09/16/16 10:00:00 PM,61.547,,,,,
2872,09/16/16 11:00:00 PM,60.861,,,,,
2873,09/17/16 12:00:00 AM,60.174,,,,,
2874,09/17/16 01:00:00 AM,59.529,,,,,
2875,09/17/16 02:00:00 AM,58.842,,,,,
2876,09/17/16 03:00:00 AM,58.239,,,,,
2877,09/17/16 04:00:00 AM,57.722,,,,,
2878,09/17/16 05:00:00 AM,57.204,,,,,
2879,09/17/16 06:00:00 AM,56.772,,,,,
2880,09/17/16 07:00:00 AM,56.383,,,,,
2881,09/17/16 08:00:00 AM,56.165,,,,,
2882,09/17/16 09:00:00 AM,56.426,,,,,
2883,09/17/16 10:00:00 AM,56.988,,,,,
2884,09/17/16 11:00:00 AM,57.850,,,,,
2885,09/17/16 12:00:00 PM,58.885,,,,,
2886,09/17/16 01:00:00 PM,60.003,,,,,
2887,09/17/16 02:00:00 PM,61.075,,,,,
2888,09/17/16 03:00:00 PM,61.934,,,,,
2889,09/17/16 04:00:00 PM,62.406,,,,,
2890,09/17/16 05:00:00 PM,62.490,,,,,
2891,09/17/16 06:00:00 PM,62.533,,,,,
2892,09/17/16 07:00:00 PM,62.490,,,,,
2893,09/17/16 08:00:00 PM,62.191,,,,,
2894,09/17/16 09:00:00 PM,61.761,,,,,
2895,09/17/16 10:00:00 PM,61.248,,,,,
2896,09/17/16 11:00:00 PM,60.690,,,,,
2897,09/18/16 12:00:00 AM,60.132,,,,,
2898,09/18/16 01:00:00 AM,59.616,,,,,
2899,09/18/16 02:00:00 AM,59.099,,,,,
2900,09/18/16 03:00:00 AM,58.712,,,,,
2901,09/18/16 04:00:00 AM,58.455,,,,,
2902,09/18/16 05:00:00 AM,58.239,,,,,
2903,09/18/16 06:00:00 AM,58.066,,,,,
2904,09/18/16 07:00:00 AM,57.936,,,,,
2905,09/18/16 08:00:00 AM,57.765,,,,,
2906,09/18/16 09:00:00 AM,58.066,,,,,
2907,09/18/16 10:00:00 AM,58.541,,,,,
2908,09/18/16 11:00:00 AM,59.358,,,,,
2909,09/18/16 12:00:00 PM,60.346,,,,,
2910,09/18/16 01:00:00 PM,61.462,,,,,
2911,09/18/16 02:00:00 PM,62.490,,,,,
2912,09/18/16 03:00:00 PM,63.219,,,,,
2913,09/18/16 04:00:00 PM,63.648,,,,,
2914,09/18/16 05:00:00 PM,63.689,,,,,
2915,09/18/16 06:00:00 PM,63.604,,,,,
2916,09/18/16 07:00:00 PM,63.433,,,,,
2917,09/18/16 08:00:00 PM,63.133,,,,,
2918,09/18/16 09:00:00 PM,62.704,,,,,
2919,09/18/16 10:00:00 PM,62.233,,,,,
2920,09/18/16 11:00:00 PM,61.848,,,,,
2921,09/19/16 12:00:00 AM,61.506,,,,,
2922,09/19/16 01:00:00 AM,61.162,,,,,
2923,09/19/16 02:00:00 AM,60.861,,,,,
2924,09/19/16 03:00:00 AM,60.647,,,,,
2925,09/19/16 04:00:00 AM,60.390,,,,,
2926,09/19/16 05:00:00 AM,60.132,,,,,
2927,09/19/16 06:00:00 AM,59.788,,,,,
2928,09/19/16 07:00:00 AM,59.486,,,,,
2929,09/19/16 08:00:00 AM,59.229,,,,,
2930,09/19/16 09:00:00 AM,59.315,,,,,
2931,09/19/16 10:00:00 AM,59.830,,,,,
2932,09/19/16 11:00:00 AM,60.474,,,,,
2933,09/19/16 12:00:00 PM,61.376,,,,,
2934,09/19/16 01:00:00 PM,62.406,,,,,
2935,09/19/16 02:00:00 PM,63.347,,,,,
2936,09/19/16 02:31:51 PM,,,Logged,Logged,,
2937,09/19/16 02:32:42 PM,,,,,Logged,Logged
