"Plot Title: Spotted Tail Creek"
"#","Date Time, GMT-06:00","Max: Temperature, °F (LGR S/N: 10719011)","Coupler Detached (LGR S/N: 10719011)","Coupler Attached (LGR S/N: 10719011)","Stopped (LGR S/N: 10719011)","End Of File (LGR S/N: 10719011)"
1,07/10/15 12:00:00 AM,76.289,Logged,,,
2,07/10/15 01:00:00 AM,74.034,,,,
3,07/10/15 02:00:00 AM,72.178,,,,
4,07/10/15 03:00:00 AM,70.673,,,,
5,07/10/15 04:00:00 AM,69.343,,,,
6,07/10/15 05:00:00 AM,68.099,,,,
7,07/10/15 06:00:00 AM,67.199,,,,
8,07/10/15 07:00:00 AM,67.071,,,,
9,07/10/15 08:00:00 AM,69.085,,,,
10,07/10/15 09:00:00 AM,73.386,,,,
11,07/10/15 10:00:00 AM,78.121,,,,
12,07/10/15 11:00:00 AM,81.376,,,,
13,07/10/15 12:00:00 PM,85.082,,,,
14,07/10/15 01:00:00 PM,86.256,,,,
15,07/10/15 02:00:00 PM,87.391,,,,
16,07/10/15 03:00:00 PM,98.528,,,,
17,07/10/15 04:00:00 PM,107.337,,,,
18,07/10/15 05:00:00 PM,113.054,,,,
19,07/10/15 06:00:00 PM,113.616,,,,
20,07/10/15 07:00:00 PM,112.105,,,,
21,07/10/15 08:00:00 PM,106.651,,,,
22,07/10/15 09:00:00 PM,99.613,,,,
23,07/10/15 10:00:00 PM,92.620,,,,
24,07/10/15 11:00:00 PM,87.073,,,,
25,07/11/15 12:00:00 AM,83.064,,,,
26,07/11/15 01:00:00 AM,80.096,,,,
27,07/11/15 02:00:00 AM,77.859,,,,
28,07/11/15 03:00:00 AM,75.942,,,,
29,07/11/15 04:00:00 AM,74.424,,,,
30,07/11/15 05:00:00 AM,72.826,,,,
31,07/11/15 06:00:00 AM,71.274,,,,
32,07/11/15 07:00:00 AM,70.201,,,,
33,07/11/15 08:00:00 AM,70.329,,,,
34,07/11/15 09:00:00 AM,74.727,,,,
35,07/11/15 10:00:00 AM,80.404,,,,
36,07/11/15 11:00:00 AM,86.936,,,,
37,07/11/15 12:00:00 PM,95.518,,,,
38,07/11/15 01:00:00 PM,106.074,,,,
39,07/11/15 02:00:00 PM,116.708,,,,
40,07/11/15 03:00:00 PM,124.110,,,,
41,07/11/15 04:00:00 PM,129.065,,,,
42,07/11/15 05:00:00 PM,131.731,,,,
43,07/11/15 06:00:00 PM,132.708,,,,
44,07/11/15 07:00:00 PM,130.557,,,,
45,07/11/15 08:00:00 PM,121.860,,,,
46,07/11/15 09:00:00 PM,111.331,,,,
47,07/11/15 10:00:00 PM,102.418,,,,
48,07/11/15 11:00:00 PM,95.952,,,,
49,07/12/15 12:00:00 AM,90.703,,,,
50,07/12/15 01:00:00 AM,86.164,,,,
51,07/12/15 02:00:00 AM,82.441,,,,
52,07/12/15 03:00:00 AM,79.480,,,,
53,07/12/15 04:00:00 AM,77.029,,,,
54,07/12/15 05:00:00 AM,74.899,,,,
55,07/12/15 06:00:00 AM,72.567,,,,
56,07/12/15 07:00:00 AM,70.930,,,,
57,07/12/15 08:00:00 AM,71.317,,,,
58,07/12/15 09:00:00 AM,76.203,,,,
59,07/12/15 10:00:00 AM,81.909,,,,
60,07/12/15 11:00:00 AM,88.763,,,,
61,07/12/15 12:00:00 PM,97.354,,,,
62,07/12/15 01:00:00 PM,108.241,,,,
63,07/12/15 02:00:00 PM,120.270,,,,
64,07/12/15 03:00:00 PM,128.930,,,,
65,07/12/15 04:00:00 PM,132.638,,,,
66,07/12/15 05:00:00 PM,133.273,,,,
67,07/12/15 06:00:00 PM,130.831,,,,
68,07/12/15 07:00:00 PM,121.921,,,,
69,07/12/15 08:00:00 PM,113.221,,,,
70,07/12/15 09:00:00 PM,105.343,,,,
71,07/12/15 10:00:00 PM,98.087,,,,
72,07/12/15 11:00:00 PM,91.449,,,,
73,07/13/15 12:00:00 AM,85.984,,,,
74,07/13/15 01:00:00 AM,81.421,,,,
75,07/13/15 02:00:00 AM,77.378,,,,
76,07/13/15 03:00:00 AM,73.904,,,,
77,07/13/15 04:00:00 AM,71.103,,,,
78,07/13/15 05:00:00 AM,69.085,,,,
79,07/13/15 06:00:00 AM,67.500,,,,
80,07/13/15 07:00:00 AM,66.814,,,,
81,07/13/15 08:00:00 AM,67.885,,,,
82,07/13/15 09:00:00 AM,73.040,,,,
83,07/13/15 10:00:00 AM,78.602,,,,
84,07/13/15 11:00:00 AM,84.632,,,,
85,07/13/15 12:00:00 PM,94.991,,,,
86,07/13/15 01:00:00 PM,107.496,,,,
87,07/13/15 02:00:00 PM,119.008,,,,
88,07/13/15 03:00:00 PM,127.600,,,,
89,07/13/15 04:00:00 PM,133.203,,,,
90,07/13/15 05:00:00 PM,136.089,,,,
91,07/13/15 06:00:00 PM,135.941,,,,
92,07/13/15 07:00:00 PM,132.638,,,,
93,07/13/15 08:00:00 PM,123.102,,,,
94,07/13/15 09:00:00 PM,112.717,,,,
95,07/13/15 10:00:00 PM,103.640,,,,
96,07/13/15 11:00:00 PM,96.481,,,,
97,07/14/15 12:00:00 AM,90.612,,,,
98,07/14/15 01:00:00 AM,85.397,,,,
99,07/14/15 02:00:00 AM,80.668,,,,
100,07/14/15 03:00:00 AM,76.550,,,,
101,07/14/15 04:00:00 AM,73.429,,,,
102,07/14/15 05:00:00 AM,70.716,,,,
103,07/14/15 06:00:00 AM,68.185,,,,
104,07/14/15 07:00:00 AM,66.772,,,,
105,07/14/15 08:00:00 AM,66.814,,,,
106,07/14/15 09:00:00 AM,71.103,,,,
107,07/14/15 10:00:00 AM,77.553,,,,
108,07/14/15 11:00:00 AM,86.301,,,,
109,07/14/15 12:00:00 PM,96.530,,,,
110,07/14/15 01:00:00 PM,108.455,,,,
111,07/14/15 02:00:00 PM,119.547,,,,
112,07/14/15 03:00:00 PM,127.008,,,,
113,07/14/15 04:00:00 PM,131.938,,,,
114,07/14/15 05:00:00 PM,134.272,,,,
115,07/14/15 06:00:00 PM,132.921,,,,
116,07/14/15 07:00:00 PM,128.797,,,,
117,07/14/15 08:00:00 PM,119.547,,,,
118,07/14/15 09:00:00 PM,109.315,,,,
119,07/14/15 10:00:00 PM,100.807,,,,
120,07/14/15 11:00:00 PM,94.323,,,,
121,07/15/15 12:00:00 AM,89.499,,,,
122,07/15/15 01:00:00 AM,85.802,,,,
123,07/15/15 02:00:00 AM,82.841,,,,
124,07/15/15 03:00:00 AM,80.227,,,,
125,07/15/15 04:00:00 AM,77.859,,,,
126,07/15/15 05:00:00 AM,75.333,,,,
127,07/15/15 06:00:00 AM,73.170,,,,
128,07/15/15 07:00:00 AM,71.834,,,,
129,07/15/15 08:00:00 AM,68.785,,,,
130,07/15/15 09:00:00 AM,71.190,,,,
131,07/15/15 10:00:00 AM,84.722,,,,
132,07/15/15 11:00:00 AM,92.950,,,,
133,07/15/15 12:00:00 PM,101.660,,,,
134,07/15/15 01:00:00 PM,107.125,,,,
135,07/15/15 02:00:00 PM,106.126,,,,
136,07/15/15 03:00:00 PM,110.345,,,,
137,07/15/15 04:00:00 PM,115.264,,,,
138,07/15/15 05:00:00 PM,110.073,,,,
139,07/15/15 06:00:00 PM,85.622,,,,
140,07/15/15 07:00:00 PM,79.963,,,,
141,07/15/15 08:00:00 PM,82.620,,,,
142,07/15/15 09:00:00 PM,83.511,,,,
143,07/15/15 10:00:00 PM,82.441,,,,
144,07/15/15 11:00:00 PM,80.449,,,,
145,07/16/15 12:00:00 AM,77.335,,,,
146,07/16/15 01:00:00 AM,73.774,,,,
147,07/16/15 02:00:00 AM,70.846,,,,
148,07/16/15 03:00:00 AM,68.400,,,,
149,07/16/15 04:00:00 AM,66.130,,,,
150,07/16/15 05:00:00 AM,64.204,,,,
151,07/16/15 06:00:00 AM,63.005,,,,
152,07/16/15 07:00:00 AM,64.888,,,,
153,07/16/15 08:00:00 AM,68.443,,,,
154,07/16/15 09:00:00 AM,79.261,,,,
155,07/16/15 10:00:00 AM,91.776,,,,
156,07/16/15 11:00:00 AM,101.007,,,,
157,07/16/15 12:00:00 PM,103.692,,,,
158,07/16/15 01:00:00 PM,95.904,,,,
159,07/16/15 02:00:00 PM,77.292,,,,
160,07/16/15 03:00:00 PM,83.242,,,,
161,07/16/15 04:00:00 PM,95.904,,,,
162,07/16/15 05:00:00 PM,79.084,,,,
163,07/16/15 06:00:00 PM,74.424,,,,
164,07/16/15 07:00:00 PM,85.849,,,,
165,07/16/15 08:00:00 PM,92.480,,,,
166,07/16/15 09:00:00 PM,89.546,,,,
167,07/16/15 10:00:00 PM,86.301,,,,
168,07/16/15 11:00:00 PM,82.263,,,,
169,07/17/15 12:00:00 AM,81.909,,,,
170,07/17/15 01:00:00 AM,81.421,,,,
171,07/17/15 02:00:00 AM,80.316,,,,
172,07/17/15 03:00:00 AM,78.910,,,,
173,07/17/15 04:00:00 AM,77.160,,,,
174,07/17/15 05:00:00 AM,75.290,,,,
175,07/17/15 06:00:00 AM,73.299,,,,
176,07/17/15 07:00:00 AM,72.826,,,,
177,07/17/15 08:00:00 AM,63.903,,,,
178,07/17/15 09:00:00 AM,63.990,,,,
179,07/17/15 10:00:00 AM,64.418,,,,
180,07/17/15 11:00:00 AM,65.188,,,,
181,07/17/15 12:00:00 PM,66.429,,,,
182,07/17/15 01:00:00 PM,67.586,,,,
183,07/17/15 02:00:00 PM,68.443,,,,
184,07/17/15 03:00:00 PM,69.343,,,,
185,07/17/15 04:00:00 PM,69.858,,,,
186,07/17/15 05:00:00 PM,70.416,,,,
187,07/17/15 06:00:00 PM,70.974,,,,
188,07/17/15 07:00:00 PM,71.317,,,,
189,07/17/15 08:00:00 PM,70.930,,,,
190,07/17/15 09:00:00 PM,70.543,,,,
191,07/17/15 10:00:00 PM,70.029,,,,
192,07/17/15 11:00:00 PM,69.343,,,,
193,07/18/15 12:00:00 AM,68.785,,,,
194,07/18/15 01:00:00 AM,67.928,,,,
195,07/18/15 02:00:00 AM,67.071,,,,
196,07/18/15 03:00:00 AM,66.214,,,,
197,07/18/15 04:00:00 AM,65.359,,,,
198,07/18/15 05:00:00 AM,64.589,,,,
199,07/18/15 06:00:00 AM,63.903,,,,
200,07/18/15 07:00:00 AM,63.347,,,,
201,07/18/15 08:00:00 AM,63.005,,,,
202,07/18/15 09:00:00 AM,63.219,,,,
203,07/18/15 10:00:00 AM,63.732,,,,
204,07/18/15 11:00:00 AM,64.503,,,,
205,07/18/15 12:00:00 PM,65.444,,,,
206,07/18/15 01:00:00 PM,66.686,,,,
207,07/18/15 02:00:00 PM,68.099,,,,
208,07/18/15 03:00:00 PM,69.427,,,,
209,07/18/15 04:00:00 PM,69.942,,,,
210,07/18/15 05:00:00 PM,70.115,,,,
211,07/18/15 06:00:00 PM,70.243,,,,
212,07/18/15 07:00:00 PM,70.459,,,,
213,07/18/15 08:00:00 PM,70.846,,,,
214,07/18/15 09:00:00 PM,70.673,,,,
215,07/18/15 10:00:00 PM,70.029,,,,
216,07/18/15 11:00:00 PM,69.213,,,,
217,07/19/15 12:00:00 AM,68.185,,,,
218,07/19/15 01:00:00 AM,67.285,,,,
219,07/19/15 02:00:00 AM,66.429,,,,
220,07/19/15 03:00:00 AM,65.530,,,,
221,07/19/15 04:00:00 AM,64.717,,,,
222,07/19/15 05:00:00 AM,63.990,,,,
223,07/19/15 06:00:00 AM,63.390,,,,
224,07/19/15 07:00:00 AM,62.919,,,,
225,07/19/15 08:00:00 AM,62.661,,,,
226,07/19/15 09:00:00 AM,62.875,,,,
227,07/19/15 10:00:00 AM,63.433,,,,
228,07/19/15 11:00:00 AM,64.288,,,,
229,07/19/15 12:00:00 PM,64.845,,,,
230,07/19/15 01:00:00 PM,65.959,,,,
231,07/19/15 02:00:00 PM,67.071,,,,
232,07/19/15 03:00:00 PM,68.527,,,,
233,07/19/15 04:00:00 PM,69.985,,,,
234,07/19/15 05:00:00 PM,71.017,,,,
235,07/19/15 06:00:00 PM,71.533,,,,
236,07/19/15 07:00:00 PM,71.620,,,,
237,07/19/15 08:00:00 PM,71.533,,,,
238,07/19/15 09:00:00 PM,71.274,,,,
239,07/19/15 10:00:00 PM,70.846,,,,
240,07/19/15 11:00:00 PM,70.158,,,,
241,07/20/15 12:00:00 AM,69.042,,,,
242,07/20/15 01:00:00 AM,68.099,,,,
243,07/20/15 02:00:00 AM,67.114,,,,
244,07/20/15 03:00:00 AM,66.087,,,,
245,07/20/15 04:00:00 AM,65.059,,,,
246,07/20/15 05:00:00 AM,64.074,,,,
247,07/20/15 06:00:00 AM,63.262,,,,
248,07/20/15 07:00:00 AM,62.577,,,,
249,07/20/15 08:00:00 AM,62.105,,,,
250,07/20/15 09:00:00 AM,62.105,,,,
251,07/20/15 10:00:00 AM,62.620,,,,
252,07/20/15 11:00:00 AM,63.475,,,,
253,07/20/15 12:00:00 PM,64.418,,,,
254,07/20/15 01:00:00 PM,65.788,,,,
255,07/20/15 02:00:00 PM,67.158,,,,
256,07/20/15 03:00:00 PM,68.871,,,,
257,07/20/15 04:00:00 PM,70.243,,,,
258,07/20/15 05:00:00 PM,71.533,,,,
259,07/20/15 06:00:00 PM,72.480,,,,
260,07/20/15 07:00:00 PM,72.997,,,,
261,07/20/15 08:00:00 PM,73.083,,,,
262,07/20/15 09:00:00 PM,72.826,,,,
263,07/20/15 10:00:00 PM,72.221,,,,
264,07/20/15 11:00:00 PM,71.274,,,,
265,07/21/15 12:00:00 AM,70.286,,,,
266,07/21/15 01:00:00 AM,69.129,,,,
267,07/21/15 02:00:00 AM,68.142,,,,
268,07/21/15 03:00:00 AM,67.329,,,,
269,07/21/15 04:00:00 AM,66.472,,,,
270,07/21/15 05:00:00 AM,65.829,,,,
271,07/21/15 06:00:00 AM,65.316,,,,
272,07/21/15 07:00:00 AM,64.888,,,,
273,07/21/15 08:00:00 AM,64.717,,,,
274,07/21/15 09:00:00 AM,64.589,,,,
275,07/21/15 10:00:00 AM,64.503,,,,
276,07/21/15 11:00:00 AM,64.332,,,,
277,07/21/15 12:00:00 PM,64.247,,,,
278,07/21/15 01:00:00 PM,64.117,,,,
279,07/21/15 02:00:00 PM,64.117,,,,
280,07/21/15 03:00:00 PM,64.546,,,,
281,07/21/15 04:00:00 PM,65.273,,,,
282,07/21/15 05:00:00 PM,65.530,,,,
283,07/21/15 06:00:00 PM,65.872,,,,
284,07/21/15 07:00:00 PM,66.429,,,,
285,07/21/15 08:00:00 PM,66.900,,,,
286,07/21/15 09:00:00 PM,66.985,,,,
287,07/21/15 10:00:00 PM,66.985,,,,
288,07/21/15 11:00:00 PM,66.857,,,,
289,07/22/15 12:00:00 AM,66.472,,,,
290,07/22/15 01:00:00 AM,66.043,,,,
291,07/22/15 02:00:00 AM,65.487,,,,
292,07/22/15 03:00:00 AM,64.931,,,,
293,07/22/15 04:00:00 AM,64.459,,,,
294,07/22/15 05:00:00 AM,63.990,,,,
295,07/22/15 06:00:00 AM,63.518,,,,
296,07/22/15 07:00:00 AM,63.133,,,,
297,07/22/15 08:00:00 AM,62.919,,,,
298,07/22/15 09:00:00 AM,63.048,,,,
299,07/22/15 10:00:00 AM,63.475,,,,
300,07/22/15 11:00:00 AM,63.946,,,,
301,07/22/15 12:00:00 PM,65.017,,,,
302,07/22/15 01:00:00 PM,65.701,,,,
303,07/22/15 02:00:00 PM,68.185,,,,
304,07/22/15 03:00:00 PM,69.901,,,,
305,07/22/15 04:00:00 PM,71.620,,,,
306,07/22/15 05:00:00 PM,72.696,,,,
307,07/22/15 06:00:00 PM,72.783,,,,
308,07/22/15 07:00:00 PM,73.213,,,,
309,07/22/15 08:00:00 PM,73.256,,,,
310,07/22/15 09:00:00 PM,73.040,,,,
311,07/22/15 10:00:00 PM,71.877,,,,
312,07/22/15 11:00:00 PM,71.274,,,,
313,07/23/15 12:00:00 AM,70.201,,,,
314,07/23/15 01:00:00 AM,69.170,,,,
315,07/23/15 02:00:00 AM,68.099,,,,
316,07/23/15 03:00:00 AM,67.158,,,,
317,07/23/15 04:00:00 AM,66.301,,,,
318,07/23/15 05:00:00 AM,65.615,,,,
319,07/23/15 06:00:00 AM,64.931,,,,
320,07/23/15 07:00:00 AM,64.375,,,,
321,07/23/15 08:00:00 AM,64.033,,,,
322,07/23/15 09:00:00 AM,64.161,,,,
323,07/23/15 10:00:00 AM,64.589,,,,
324,07/23/15 11:00:00 AM,65.530,,,,
325,07/23/15 12:00:00 PM,66.472,,,,
326,07/23/15 01:00:00 PM,67.798,,,,
327,07/23/15 02:00:00 PM,69.386,,,,
328,07/23/15 03:00:00 PM,70.846,,,,
329,07/23/15 04:00:00 PM,72.394,,,,
330,07/23/15 05:00:00 PM,73.688,,,,
331,07/23/15 06:00:00 PM,74.467,,,,
332,07/23/15 07:00:00 PM,74.640,,,,
333,07/23/15 08:00:00 PM,74.640,,,,
334,07/23/15 09:00:00 PM,74.206,,,,
335,07/23/15 10:00:00 PM,73.386,,,,
336,07/23/15 11:00:00 PM,72.394,,,,
337,07/24/15 12:00:00 AM,71.190,,,,
338,07/24/15 01:00:00 AM,69.985,,,,
339,07/24/15 02:00:00 AM,68.828,,,,
340,07/24/15 03:00:00 AM,67.757,,,,
341,07/24/15 04:00:00 AM,66.729,,,,
342,07/24/15 05:00:00 AM,65.872,,,,
343,07/24/15 06:00:00 AM,65.059,,,,
344,07/24/15 07:00:00 AM,64.418,,,,
345,07/24/15 08:00:00 AM,63.990,,,,
346,07/24/15 09:00:00 AM,64.074,,,,
347,07/24/15 10:00:00 AM,64.503,,,,
348,07/24/15 11:00:00 AM,65.188,,,,
349,07/24/15 12:00:00 PM,66.214,,,,
350,07/24/15 01:00:00 PM,67.586,,,,
351,07/24/15 02:00:00 PM,69.213,,,,
352,07/24/15 03:00:00 PM,71.017,,,,
353,07/24/15 04:00:00 PM,72.696,,,,
354,07/24/15 05:00:00 PM,74.120,,,,
355,07/24/15 06:00:00 PM,74.986,,,,
356,07/24/15 07:00:00 PM,75.463,,,,
357,07/24/15 08:00:00 PM,75.376,,,,
358,07/24/15 09:00:00 PM,75.029,,,,
359,07/24/15 10:00:00 PM,74.424,,,,
360,07/24/15 11:00:00 PM,73.688,,,,
361,07/25/15 12:00:00 AM,72.351,,,,
362,07/25/15 01:00:00 AM,71.533,,,,
363,07/25/15 02:00:00 AM,70.716,,,,
364,07/25/15 03:00:00 AM,69.814,,,,
365,07/25/15 04:00:00 AM,68.913,,,,
366,07/25/15 05:00:00 AM,68.099,,,,
367,07/25/15 06:00:00 AM,67.285,,,,
368,07/25/15 07:00:00 AM,66.686,,,,
369,07/25/15 08:00:00 AM,66.214,,,,
370,07/25/15 09:00:00 AM,66.087,,,,
371,07/25/15 10:00:00 AM,66.173,,,,
372,07/25/15 11:00:00 AM,66.900,,,,
373,07/25/15 12:00:00 PM,67.757,,,,
374,07/25/15 01:00:00 PM,68.913,,,,
375,07/25/15 02:00:00 PM,70.115,,,,
376,07/25/15 03:00:00 PM,71.533,,,,
377,07/25/15 04:00:00 PM,72.869,,,,
378,07/25/15 05:00:00 PM,74.206,,,,
379,07/25/15 06:00:00 PM,75.029,,,,
380,07/25/15 07:00:00 PM,75.508,,,,
381,07/25/15 08:00:00 PM,75.508,,,,
382,07/25/15 09:00:00 PM,75.247,,,,
383,07/25/15 10:00:00 PM,74.683,,,,
384,07/25/15 11:00:00 PM,73.774,,,,
385,07/26/15 12:00:00 AM,72.696,,,,
386,07/26/15 01:00:00 AM,71.490,,,,
387,07/26/15 02:00:00 AM,70.329,,,,
388,07/26/15 03:00:00 AM,69.213,,,,
389,07/26/15 04:00:00 AM,68.227,,,,
390,07/26/15 05:00:00 AM,67.413,,,,
391,07/26/15 06:00:00 AM,66.686,,,,
392,07/26/15 07:00:00 AM,66.130,,,,
393,07/26/15 08:00:00 AM,65.829,,,,
394,07/26/15 09:00:00 AM,65.959,,,,
395,07/26/15 10:00:00 AM,66.558,,,,
396,07/26/15 11:00:00 AM,67.242,,,,
397,07/26/15 12:00:00 PM,68.270,,,,
398,07/26/15 01:00:00 PM,69.557,,,,
399,07/26/15 02:00:00 PM,71.103,,,,
400,07/26/15 03:00:00 PM,72.610,,,,
401,07/26/15 04:00:00 PM,74.077,,,,
402,07/26/15 05:00:00 PM,75.290,,,,
403,07/26/15 06:00:00 PM,75.898,,,,
404,07/26/15 07:00:00 PM,75.898,,,,
405,07/26/15 08:00:00 PM,75.594,,,,
406,07/26/15 09:00:00 PM,74.986,,,,
407,07/26/15 10:00:00 PM,74.120,,,,
408,07/26/15 11:00:00 PM,73.040,,,,
409,07/27/15 12:00:00 AM,71.834,,,,
410,07/27/15 01:00:00 AM,70.716,,,,
411,07/27/15 02:00:00 AM,69.728,,,,
412,07/27/15 03:00:00 AM,68.871,,,,
413,07/27/15 04:00:00 AM,68.056,,,,
414,07/27/15 05:00:00 AM,67.329,,,,
415,07/27/15 06:00:00 AM,66.729,,,,
416,07/27/15 07:00:00 AM,66.214,,,,
417,07/27/15 08:00:00 AM,65.829,,,,
418,07/27/15 09:00:00 AM,65.959,,,,
419,07/27/15 10:00:00 AM,66.344,,,,
420,07/27/15 11:00:00 AM,67.028,,,,
421,07/27/15 12:00:00 PM,68.013,,,,
422,07/27/15 01:00:00 PM,69.343,,,,
423,07/27/15 02:00:00 PM,70.846,,,,
424,07/27/15 03:00:00 PM,72.437,,,,
425,07/27/15 04:00:00 PM,73.602,,,,
426,07/27/15 05:00:00 PM,74.727,,,,
427,07/27/15 06:00:00 PM,75.029,,,,
428,07/27/15 07:00:00 PM,75.290,,,,
429,07/27/15 08:00:00 PM,75.204,,,,
430,07/27/15 09:00:00 PM,74.640,,,,
431,07/27/15 10:00:00 PM,73.602,,,,
432,07/27/15 11:00:00 PM,72.653,,,,
433,07/28/15 12:00:00 AM,71.577,,,,
434,07/28/15 01:00:00 AM,70.416,,,,
435,07/28/15 02:00:00 AM,69.300,,,,
436,07/28/15 03:00:00 AM,68.270,,,,
437,07/28/15 04:00:00 AM,67.071,,,,
438,07/28/15 05:00:00 AM,66.087,,,,
439,07/28/15 06:00:00 AM,65.059,,,,
440,07/28/15 07:00:00 AM,64.332,,,,
441,07/28/15 08:00:00 AM,63.775,,,,
442,07/28/15 09:00:00 AM,63.689,,,,
443,07/28/15 10:00:00 AM,63.903,,,,
444,07/28/15 11:00:00 AM,64.288,,,,
445,07/28/15 12:00:00 PM,65.188,,,,
446,07/28/15 01:00:00 PM,66.558,,,,
447,07/28/15 02:00:00 PM,67.714,,,,
448,07/28/15 03:00:00 PM,68.913,,,,
449,07/28/15 04:00:00 PM,70.072,,,,
450,07/28/15 05:00:00 PM,71.060,,,,
451,07/28/15 06:00:00 PM,71.748,,,,
452,07/28/15 07:00:00 PM,72.050,,,,
453,07/28/15 08:00:00 PM,72.136,,,,
454,07/28/15 09:00:00 PM,71.791,,,,
455,07/28/15 10:00:00 PM,71.103,,,,
456,07/28/15 11:00:00 PM,70.416,,,,
457,07/29/15 12:00:00 AM,69.343,,,,
458,07/29/15 01:00:00 AM,68.056,,,,
459,07/29/15 02:00:00 AM,66.814,,,,
460,07/29/15 03:00:00 AM,65.615,,,,
461,07/29/15 04:00:00 AM,64.503,,,,
462,07/29/15 05:00:00 AM,63.604,,,,
463,07/29/15 06:00:00 AM,62.791,,,,
464,07/29/15 07:00:00 AM,62.105,,,,
465,07/29/15 08:00:00 AM,61.633,,,,
466,07/29/15 09:00:00 AM,61.633,,,,
467,07/29/15 10:00:00 AM,61.977,,,,
468,07/29/15 11:00:00 AM,62.620,,,,
469,07/29/15 12:00:00 PM,63.561,,,,
470,07/29/15 01:00:00 PM,64.845,,,,
471,07/29/15 02:00:00 PM,66.301,,,,
472,07/29/15 03:00:00 PM,67.885,,,,
473,07/29/15 04:00:00 PM,69.471,,,,
474,07/29/15 05:00:00 PM,70.803,,,,
475,07/29/15 06:00:00 PM,71.791,,,,
476,07/29/15 07:00:00 PM,72.437,,,,
477,07/29/15 08:00:00 PM,72.783,,,,
478,07/29/15 09:00:00 PM,72.826,,,,
479,07/29/15 10:00:00 PM,72.567,,,,
480,07/29/15 11:00:00 PM,72.050,,,,
481,07/30/15 12:00:00 AM,71.190,,,,
482,07/30/15 01:00:00 AM,69.942,,,,
483,07/30/15 02:00:00 AM,68.785,,,,
484,07/30/15 03:00:00 AM,67.627,,,,
485,07/30/15 04:00:00 AM,66.558,,,,
486,07/30/15 05:00:00 AM,65.615,,,,
487,07/30/15 06:00:00 AM,64.760,,,,
488,07/30/15 07:00:00 AM,63.990,,,,
489,07/30/15 08:00:00 AM,63.475,,,,
490,07/30/15 09:00:00 AM,63.433,,,,
491,07/30/15 10:00:00 AM,63.390,,,,
492,07/30/15 11:00:00 AM,63.990,,,,
493,07/30/15 12:00:00 PM,64.931,,,,
494,07/30/15 01:00:00 PM,66.301,,,,
495,07/30/15 02:00:00 PM,67.714,,,,
496,07/30/15 03:00:00 PM,69.256,,,,
497,07/30/15 04:00:00 PM,70.759,,,,
498,07/30/15 05:00:00 PM,72.136,,,,
499,07/30/15 06:00:00 PM,73.170,,,,
500,07/30/15 07:00:00 PM,73.558,,,,
501,07/30/15 08:00:00 PM,73.774,,,,
502,07/30/15 09:00:00 PM,73.515,,,,
503,07/30/15 10:00:00 PM,72.826,,,,
504,07/30/15 11:00:00 PM,71.577,,,,
505,07/31/15 12:00:00 AM,70.459,,,,
506,07/31/15 01:00:00 AM,69.427,,,,
507,07/31/15 02:00:00 AM,68.185,,,,
508,07/31/15 03:00:00 AM,67.028,,,,
509,07/31/15 04:00:00 AM,66.000,,,,
510,07/31/15 05:00:00 AM,65.059,,,,
511,07/31/15 06:00:00 AM,64.332,,,,
512,07/31/15 07:00:00 AM,63.732,,,,
513,07/31/15 08:00:00 AM,63.176,,,,
514,07/31/15 09:00:00 AM,63.262,,,,
515,07/31/15 10:00:00 AM,63.775,,,,
516,07/31/15 11:00:00 AM,64.589,,,,
517,07/31/15 12:00:00 PM,65.658,,,,
518,07/31/15 01:00:00 PM,67.199,,,,
519,07/31/15 02:00:00 PM,68.871,,,,
520,07/31/15 03:00:00 PM,70.543,,,,
521,07/31/15 04:00:00 PM,72.050,,,,
522,07/31/15 05:00:00 PM,73.256,,,,
523,07/31/15 06:00:00 PM,74.163,,,,
524,07/31/15 07:00:00 PM,74.597,,,,
525,07/31/15 08:00:00 PM,74.554,,,,
526,07/31/15 09:00:00 PM,74.120,,,,
527,07/31/15 10:00:00 PM,73.386,,,,
528,07/31/15 11:00:00 PM,72.523,,,,
529,08/01/15 12:00:00 AM,71.533,,,,
530,08/01/15 01:00:00 AM,70.372,,,,
531,08/01/15 02:00:00 AM,69.213,,,,
532,08/01/15 03:00:00 AM,68.227,,,,
533,08/01/15 04:00:00 AM,67.242,,,,
534,08/01/15 05:00:00 AM,66.344,,,,
535,08/01/15 06:00:00 AM,65.615,,,,
536,08/01/15 07:00:00 AM,65.059,,,,
537,08/01/15 08:00:00 AM,64.674,,,,
538,08/01/15 09:00:00 AM,64.803,,,,
539,08/01/15 10:00:00 AM,65.316,,,,
540,08/01/15 11:00:00 AM,66.043,,,,
541,08/01/15 12:00:00 PM,67.114,,,,
542,08/01/15 01:00:00 PM,68.484,,,,
543,08/01/15 02:00:00 PM,70.029,,,,
544,08/01/15 03:00:00 PM,71.834,,,,
545,08/01/15 04:00:00 PM,73.342,,,,
546,08/01/15 05:00:00 PM,74.381,,,,
547,08/01/15 06:00:00 PM,75.160,,,,
548,08/01/15 07:00:00 PM,75.376,,,,
549,08/01/15 08:00:00 PM,75.508,,,,
550,08/01/15 09:00:00 PM,74.683,,,,
551,08/01/15 10:00:00 PM,73.731,,,,
552,08/01/15 11:00:00 PM,72.739,,,,
553,08/02/15 12:00:00 AM,71.533,,,,
554,08/02/15 01:00:00 AM,70.416,,,,
555,08/02/15 02:00:00 AM,69.213,,,,
556,08/02/15 03:00:00 AM,68.227,,,,
557,08/02/15 04:00:00 AM,67.329,,,,
558,08/02/15 05:00:00 AM,66.472,,,,
559,08/02/15 06:00:00 AM,65.788,,,,
560,08/02/15 07:00:00 AM,65.273,,,,
561,08/02/15 08:00:00 AM,64.931,,,,
562,08/02/15 09:00:00 AM,65.017,,,,
563,08/02/15 10:00:00 AM,65.487,,,,
564,08/02/15 11:00:00 AM,66.214,,,,
565,08/02/15 12:00:00 PM,67.285,,,,
566,08/02/15 01:00:00 PM,68.614,,,,
567,08/02/15 02:00:00 PM,69.858,,,,
568,08/02/15 03:00:00 PM,71.231,,,,
569,08/02/15 04:00:00 PM,72.394,,,,
570,08/02/15 05:00:00 PM,73.818,,,,
571,08/02/15 06:00:00 PM,74.640,,,,
572,08/02/15 07:00:00 PM,74.597,,,,
573,08/02/15 08:00:00 PM,74.770,,,,
574,08/02/15 09:00:00 PM,74.381,,,,
575,08/02/15 10:00:00 PM,73.774,,,,
576,08/02/15 11:00:00 PM,72.997,,,,
577,08/03/15 12:00:00 AM,71.920,,,,
578,08/03/15 01:00:00 AM,70.759,,,,
579,08/03/15 02:00:00 AM,69.728,,,,
580,08/03/15 03:00:00 AM,68.698,,,,
581,08/03/15 04:00:00 AM,67.714,,,,
582,08/03/15 05:00:00 AM,66.857,,,,
583,08/03/15 06:00:00 AM,66.130,,,,
584,08/03/15 07:00:00 AM,65.574,,,,
585,08/03/15 08:00:00 AM,65.273,,,,
586,08/03/15 09:00:00 AM,65.273,,,,
587,08/03/15 10:00:00 AM,65.701,,,,
588,08/03/15 11:00:00 AM,66.301,,,,
589,08/03/15 12:00:00 PM,67.372,,,,
590,08/03/15 01:00:00 PM,68.443,,,,
591,08/03/15 02:00:00 PM,69.256,,,,
592,08/03/15 03:00:00 PM,70.201,,,,
593,08/03/15 04:00:00 PM,71.447,,,,
594,08/03/15 05:00:00 PM,72.567,,,,
595,08/03/15 06:00:00 PM,73.688,,,,
596,08/03/15 07:00:00 PM,74.034,,,,
597,08/03/15 08:00:00 PM,74.120,,,,
598,08/03/15 09:00:00 PM,74.077,,,,
599,08/03/15 10:00:00 PM,73.602,,,,
600,08/03/15 11:00:00 PM,72.912,,,,
601,08/04/15 12:00:00 AM,71.920,,,,
602,08/04/15 01:00:00 AM,70.930,,,,
603,08/04/15 02:00:00 AM,70.072,,,,
604,08/04/15 03:00:00 AM,69.085,,,,
605,08/04/15 04:00:00 AM,68.099,,,,
606,08/04/15 05:00:00 AM,67.242,,,,
607,08/04/15 06:00:00 AM,66.429,,,,
608,08/04/15 07:00:00 AM,65.788,,,,
609,08/04/15 08:00:00 AM,65.444,,,,
610,08/04/15 09:00:00 AM,65.188,,,,
611,08/04/15 10:00:00 AM,65.359,,,,
612,08/04/15 11:00:00 AM,65.916,,,,
613,08/04/15 12:00:00 PM,66.729,,,,
614,08/04/15 01:00:00 PM,67.543,,,,
615,08/04/15 02:00:00 PM,68.443,,,,
616,08/04/15 03:00:00 PM,69.643,,,,
617,08/04/15 04:00:00 PM,70.286,,,,
618,08/04/15 05:00:00 PM,70.587,,,,
619,08/04/15 06:00:00 PM,71.103,,,,
620,08/04/15 07:00:00 PM,71.834,,,,
621,08/04/15 08:00:00 PM,71.361,,,,
622,08/04/15 09:00:00 PM,70.759,,,,
623,08/04/15 10:00:00 PM,70.158,,,,
624,08/04/15 11:00:00 PM,69.471,,,,
625,08/05/15 12:00:00 AM,68.828,,,,
626,08/05/15 01:00:00 AM,68.142,,,,
627,08/05/15 02:00:00 AM,67.586,,,,
628,08/05/15 03:00:00 AM,67.028,,,,
629,08/05/15 04:00:00 AM,66.472,,,,
630,08/05/15 05:00:00 AM,65.959,,,,
631,08/05/15 06:00:00 AM,65.444,,,,
632,08/05/15 07:00:00 AM,65.145,,,,
633,08/05/15 08:00:00 AM,64.974,,,,
634,08/05/15 09:00:00 AM,65.059,,,,
635,08/05/15 10:00:00 AM,65.487,,,,
636,08/05/15 11:00:00 AM,66.258,,,,
637,08/05/15 12:00:00 PM,67.329,,,,
638,08/05/15 01:00:00 PM,68.614,,,,
639,08/05/15 02:00:00 PM,70.072,,,,
640,08/05/15 03:00:00 PM,71.190,,,,
641,08/05/15 04:00:00 PM,71.964,,,,
642,08/05/15 05:00:00 PM,73.040,,,,
643,08/05/15 06:00:00 PM,73.645,,,,
644,08/05/15 07:00:00 PM,74.206,,,,
645,08/05/15 08:00:00 PM,73.645,,,,
646,08/05/15 09:00:00 PM,73.083,,,,
647,08/05/15 10:00:00 PM,72.480,,,,
648,08/05/15 11:00:00 PM,71.490,,,,
649,08/06/15 12:00:00 AM,70.543,,,,
650,08/06/15 01:00:00 AM,69.600,,,,
651,08/06/15 02:00:00 AM,68.742,,,,
652,08/06/15 03:00:00 AM,67.928,,,,
653,08/06/15 04:00:00 AM,67.199,,,,
654,08/06/15 05:00:00 AM,66.600,,,,
655,08/06/15 06:00:00 AM,66.043,,,,
656,08/06/15 07:00:00 AM,65.615,,,,
657,08/06/15 08:00:00 AM,65.316,,,,
658,08/06/15 09:00:00 AM,65.403,,,,
659,08/06/15 10:00:00 AM,65.916,,,,
660,08/06/15 11:00:00 AM,66.600,,,,
661,08/06/15 12:00:00 PM,67.586,,,,
662,08/06/15 01:00:00 PM,68.698,,,,
663,08/06/15 02:00:00 PM,69.901,,,,
664,08/06/15 03:00:00 PM,71.060,,,,
665,08/06/15 04:00:00 PM,72.307,,,,
666,08/06/15 05:00:00 PM,73.342,,,,
667,08/06/15 06:00:00 PM,73.990,,,,
668,08/06/15 07:00:00 PM,74.338,,,,
669,08/06/15 08:00:00 PM,74.381,,,,
670,08/06/15 09:00:00 PM,74.034,,,,
671,08/06/15 10:00:00 PM,73.429,,,,
672,08/06/15 11:00:00 PM,72.567,,,,
673,08/07/15 12:00:00 AM,71.447,,,,
674,08/07/15 01:00:00 AM,70.243,,,,
675,08/07/15 02:00:00 AM,68.956,,,,
676,08/07/15 03:00:00 AM,67.842,,,,
677,08/07/15 04:00:00 AM,66.814,,,,
678,08/07/15 05:00:00 AM,65.959,,,,
679,08/07/15 06:00:00 AM,65.188,,,,
680,08/07/15 07:00:00 AM,64.674,,,,
681,08/07/15 08:00:00 AM,64.288,,,,
682,08/07/15 09:00:00 AM,64.332,,,,
683,08/07/15 10:00:00 AM,64.717,,,,
684,08/07/15 11:00:00 AM,65.487,,,,
685,08/07/15 12:00:00 PM,66.385,,,,
686,08/07/15 01:00:00 PM,67.671,,,,
687,08/07/15 02:00:00 PM,68.913,,,,
688,08/07/15 03:00:00 PM,70.243,,,,
689,08/07/15 04:00:00 PM,71.361,,,,
690,08/07/15 05:00:00 PM,72.653,,,,
691,08/07/15 06:00:00 PM,73.256,,,,
692,08/07/15 07:00:00 PM,73.861,,,,
693,08/07/15 08:00:00 PM,73.947,,,,
694,08/07/15 09:00:00 PM,73.429,,,,
695,08/07/15 10:00:00 PM,72.696,,,,
696,08/07/15 11:00:00 PM,71.748,,,,
697,08/08/15 12:00:00 AM,70.887,,,,
698,08/08/15 01:00:00 AM,69.985,,,,
699,08/08/15 02:00:00 AM,69.085,,,,
700,08/08/15 03:00:00 AM,68.356,,,,
701,08/08/15 04:00:00 AM,67.757,,,,
702,08/08/15 05:00:00 AM,67.285,,,,
703,08/08/15 06:00:00 AM,66.900,,,,
704,08/08/15 07:00:00 AM,66.686,,,,
705,08/08/15 08:00:00 AM,66.558,,,,
706,08/08/15 09:00:00 AM,66.643,,,,
707,08/08/15 10:00:00 AM,66.900,,,,
708,08/08/15 11:00:00 AM,67.199,,,,
709,08/08/15 12:00:00 PM,68.013,,,,
710,08/08/15 01:00:00 PM,68.871,,,,
711,08/08/15 02:00:00 PM,70.158,,,,
712,08/08/15 03:00:00 PM,71.447,,,,
713,08/08/15 04:00:00 PM,72.523,,,,
714,08/08/15 05:00:00 PM,73.515,,,,
715,08/08/15 06:00:00 PM,74.206,,,,
716,08/08/15 07:00:00 PM,74.597,,,,
717,08/08/15 08:00:00 PM,74.597,,,,
718,08/08/15 09:00:00 PM,74.338,,,,
719,08/08/15 10:00:00 PM,73.861,,,,
720,08/08/15 11:00:00 PM,73.040,,,,
721,08/09/15 12:00:00 AM,72.007,,,,
722,08/09/15 01:00:00 AM,70.803,,,,
723,08/09/15 02:00:00 AM,69.685,,,,
724,08/09/15 03:00:00 AM,68.698,,,,
725,08/09/15 04:00:00 AM,67.842,,,,
726,08/09/15 05:00:00 AM,67.114,,,,
727,08/09/15 06:00:00 AM,66.472,,,,
728,08/09/15 07:00:00 AM,65.959,,,,
729,08/09/15 08:00:00 AM,65.574,,,,
730,08/09/15 09:00:00 AM,65.615,,,,
731,08/09/15 10:00:00 AM,66.043,,,,
732,08/09/15 11:00:00 AM,66.686,,,,
733,08/09/15 12:00:00 PM,67.500,,,,
734,08/09/15 01:00:00 PM,68.698,,,,
735,08/09/15 02:00:00 PM,69.942,,,,
736,08/09/15 03:00:00 PM,71.274,,,,
737,08/09/15 04:00:00 PM,72.567,,,,
738,08/09/15 05:00:00 PM,73.558,,,,
739,08/09/15 06:00:00 PM,74.206,,,,
740,08/09/15 07:00:00 PM,74.467,,,,
741,08/09/15 08:00:00 PM,74.424,,,,
742,08/09/15 09:00:00 PM,74.034,,,,
743,08/09/15 10:00:00 PM,73.342,,,,
744,08/09/15 11:00:00 PM,72.653,,,,
745,08/10/15 12:00:00 AM,71.620,,,,
746,08/10/15 01:00:00 AM,70.416,,,,
747,08/10/15 02:00:00 AM,69.343,,,,
748,08/10/15 03:00:00 AM,68.356,,,,
749,08/10/15 04:00:00 AM,67.586,,,,
750,08/10/15 05:00:00 AM,66.814,,,,
751,08/10/15 06:00:00 AM,66.214,,,,
752,08/10/15 07:00:00 AM,65.745,,,,
753,08/10/15 08:00:00 AM,65.403,,,,
754,08/10/15 09:00:00 AM,65.487,,,,
755,08/10/15 10:00:00 AM,66.043,,,,
756,08/10/15 11:00:00 AM,66.729,,,,
757,08/10/15 12:00:00 PM,67.671,,,,
758,08/10/15 01:00:00 PM,68.956,,,,
759,08/10/15 02:00:00 PM,70.243,,,,
760,08/10/15 03:00:00 PM,71.620,,,,
761,08/10/15 04:00:00 PM,72.826,,,,
762,08/10/15 05:00:00 PM,73.645,,,,
763,08/10/15 06:00:00 PM,74.597,,,,
764,08/10/15 07:00:00 PM,74.770,,,,
765,08/10/15 08:00:00 PM,74.727,,,,
766,08/10/15 09:00:00 PM,74.250,,,,
767,08/10/15 10:00:00 PM,73.472,,,,
768,08/10/15 11:00:00 PM,72.567,,,,
769,08/11/15 12:00:00 AM,71.533,,,,
770,08/11/15 01:00:00 AM,70.329,,,,
771,08/11/15 02:00:00 AM,69.471,,,,
772,08/11/15 03:00:00 AM,68.698,,,,
773,08/11/15 04:00:00 AM,67.971,,,,
774,08/11/15 05:00:00 AM,67.372,,,,
775,08/11/15 06:00:00 AM,66.943,,,,
776,08/11/15 07:00:00 AM,66.558,,,,
777,08/11/15 08:00:00 AM,66.173,,,,
778,08/11/15 09:00:00 AM,66.214,,,,
779,08/11/15 10:00:00 AM,66.558,,,,
780,08/11/15 11:00:00 AM,66.943,,,,
781,08/11/15 12:00:00 PM,68.013,,,,
782,08/11/15 01:00:00 PM,69.213,,,,
783,08/11/15 02:00:00 PM,70.587,,,,
784,08/11/15 03:00:00 PM,72.093,,,,
785,08/11/15 04:00:00 PM,73.299,,,,
786,08/11/15 05:00:00 PM,74.424,,,,
787,08/11/15 06:00:00 PM,75.074,,,,
788,08/11/15 07:00:00 PM,75.420,,,,
789,08/11/15 08:00:00 PM,75.290,,,,
790,08/11/15 09:00:00 PM,74.986,,,,
791,08/11/15 10:00:00 PM,74.250,,,,
792,08/11/15 11:00:00 PM,73.342,,,,
793,08/12/15 12:00:00 AM,72.394,,,,
794,08/12/15 01:00:00 AM,71.190,,,,
795,08/12/15 02:00:00 AM,70.201,,,,
796,08/12/15 03:00:00 AM,69.213,,,,
797,08/12/15 04:00:00 AM,68.443,,,,
798,08/12/15 05:00:00 AM,67.757,,,,
799,08/12/15 06:00:00 AM,67.114,,,,
800,08/12/15 07:00:00 AM,66.643,,,,
801,08/12/15 08:00:00 AM,66.344,,,,
802,08/12/15 09:00:00 AM,66.429,,,,
803,08/12/15 10:00:00 AM,66.985,,,,
804,08/12/15 11:00:00 AM,67.671,,,,
805,08/12/15 12:00:00 PM,68.571,,,,
806,08/12/15 01:00:00 PM,69.814,,,,
807,08/12/15 02:00:00 PM,71.190,,,,
808,08/12/15 03:00:00 PM,72.567,,,,
809,08/12/15 04:00:00 PM,73.947,,,,
810,08/12/15 05:00:00 PM,74.727,,,,
811,08/12/15 06:00:00 PM,75.508,,,,
812,08/12/15 07:00:00 PM,76.028,,,,
813,08/12/15 08:00:00 PM,75.985,,,,
814,08/12/15 09:00:00 PM,75.681,,,,
815,08/12/15 10:00:00 PM,74.943,,,,
816,08/12/15 11:00:00 PM,74.120,,,,
817,08/13/15 12:00:00 AM,73.213,,,,
818,08/13/15 01:00:00 AM,72.178,,,,
819,08/13/15 02:00:00 AM,71.146,,,,
820,08/13/15 03:00:00 AM,70.243,,,,
821,08/13/15 04:00:00 AM,69.471,,,,
822,08/13/15 05:00:00 AM,68.785,,,,
823,08/13/15 06:00:00 AM,68.056,,,,
824,08/13/15 07:00:00 AM,67.543,,,,
825,08/13/15 08:00:00 AM,67.158,,,,
826,08/13/15 09:00:00 AM,67.158,,,,
827,08/13/15 10:00:00 AM,67.671,,,,
828,08/13/15 11:00:00 AM,68.356,,,,
829,08/13/15 12:00:00 PM,69.256,,,,
830,08/13/15 01:00:00 PM,70.587,,,,
831,08/13/15 02:00:00 PM,71.791,,,,
832,08/13/15 03:00:00 PM,72.912,,,,
833,08/13/15 04:00:00 PM,74.034,,,,
834,08/13/15 05:00:00 PM,74.943,,,,
835,08/13/15 06:00:00 PM,75.333,,,,
836,08/13/15 07:00:00 PM,75.508,,,,
837,08/13/15 08:00:00 PM,75.463,,,,
838,08/13/15 09:00:00 PM,75.160,,,,
839,08/13/15 10:00:00 PM,74.511,,,,
840,08/13/15 11:00:00 PM,73.818,,,,
841,08/14/15 12:00:00 AM,72.955,,,,
842,08/14/15 01:00:00 AM,71.620,,,,
843,08/14/15 02:00:00 AM,70.286,,,,
844,08/14/15 03:00:00 AM,69.213,,,,
845,08/14/15 04:00:00 AM,68.356,,,,
846,08/14/15 05:00:00 AM,67.627,,,,
847,08/14/15 06:00:00 AM,67.028,,,,
848,08/14/15 07:00:00 AM,66.558,,,,
849,08/14/15 08:00:00 AM,66.214,,,,
850,08/14/15 09:00:00 AM,66.258,,,,
851,08/14/15 10:00:00 AM,66.772,,,,
852,08/14/15 11:00:00 AM,67.543,,,,
853,08/14/15 12:00:00 PM,68.571,,,,
854,08/14/15 01:00:00 PM,69.942,,,,
855,08/14/15 02:00:00 PM,71.361,,,,
856,08/14/15 03:00:00 PM,72.783,,,,
857,08/14/15 04:00:00 PM,74.120,,,,
858,08/14/15 05:00:00 PM,75.074,,,,
859,08/14/15 06:00:00 PM,75.767,,,,
860,08/14/15 07:00:00 PM,76.071,,,,
861,08/14/15 08:00:00 PM,75.942,,,,
862,08/14/15 09:00:00 PM,75.420,,,,
863,08/14/15 10:00:00 PM,74.640,,,,
864,08/14/15 11:00:00 PM,73.861,,,,
865,08/15/15 12:00:00 AM,73.126,,,,
866,08/15/15 01:00:00 AM,71.964,,,,
867,08/15/15 02:00:00 AM,70.930,,,,
868,08/15/15 03:00:00 AM,70.072,,,,
869,08/15/15 04:00:00 AM,69.256,,,,
870,08/15/15 05:00:00 AM,68.698,,,,
871,08/15/15 06:00:00 AM,68.142,,,,
872,08/15/15 07:00:00 AM,67.757,,,,
873,08/15/15 08:00:00 AM,67.500,,,,
874,08/15/15 09:00:00 AM,67.500,,,,
875,08/15/15 10:00:00 AM,68.013,,,,
876,08/15/15 11:00:00 AM,68.871,,,,
877,08/15/15 12:00:00 PM,69.685,,,,
878,08/15/15 01:00:00 PM,70.846,,,,
879,08/15/15 02:00:00 PM,72.050,,,,
880,08/15/15 03:00:00 PM,73.213,,,,
881,08/15/15 04:00:00 PM,74.206,,,,
882,08/15/15 05:00:00 PM,74.640,,,,
883,08/15/15 06:00:00 PM,74.899,,,,
884,08/15/15 07:00:00 PM,75.204,,,,
885,08/15/15 08:00:00 PM,75.247,,,,
886,08/15/15 09:00:00 PM,74.597,,,,
887,08/15/15 10:00:00 PM,73.429,,,,
888,08/15/15 11:00:00 PM,72.480,,,,
889,08/16/15 12:00:00 AM,71.533,,,,
890,08/16/15 01:00:00 AM,70.587,,,,
891,08/16/15 02:00:00 AM,69.771,,,,
892,08/16/15 03:00:00 AM,69.042,,,,
893,08/16/15 04:00:00 AM,68.527,,,,
894,08/16/15 05:00:00 AM,68.099,,,,
895,08/16/15 06:00:00 AM,67.757,,,,
896,08/16/15 07:00:00 AM,67.372,,,,
897,08/16/15 08:00:00 AM,67.071,,,,
898,08/16/15 09:00:00 AM,66.900,,,,
899,08/16/15 10:00:00 AM,66.900,,,,
900,08/16/15 11:00:00 AM,66.943,,,,
901,08/16/15 12:00:00 PM,67.413,,,,
902,08/16/15 01:00:00 PM,68.356,,,,
903,08/16/15 02:00:00 PM,69.300,,,,
904,08/16/15 03:00:00 PM,69.728,,,,
905,08/16/15 04:00:00 PM,70.329,,,,
906,08/16/15 05:00:00 PM,71.103,,,,
907,08/16/15 06:00:00 PM,71.661,,,,
908,08/16/15 07:00:00 PM,72.264,,,,
909,08/16/15 08:00:00 PM,72.136,,,,
910,08/16/15 09:00:00 PM,71.920,,,,
911,08/16/15 10:00:00 PM,71.317,,,,
912,08/16/15 11:00:00 PM,70.587,,,,
913,08/17/15 12:00:00 AM,69.814,,,,
914,08/17/15 01:00:00 AM,68.956,,,,
915,08/17/15 02:00:00 AM,68.185,,,,
916,08/17/15 03:00:00 AM,67.543,,,,
917,08/17/15 04:00:00 AM,66.985,,,,
918,08/17/15 05:00:00 AM,66.344,,,,
919,08/17/15 06:00:00 AM,65.916,,,,
920,08/17/15 07:00:00 AM,65.444,,,,
921,08/17/15 08:00:00 AM,65.059,,,,
922,08/17/15 09:00:00 AM,64.845,,,,
923,08/17/15 10:00:00 AM,64.760,,,,
924,08/17/15 11:00:00 AM,64.845,,,,
925,08/17/15 12:00:00 PM,65.017,,,,
926,08/17/15 01:00:00 PM,65.359,,,,
927,08/17/15 02:00:00 PM,65.745,,,,
928,08/17/15 03:00:00 PM,66.214,,,,
929,08/17/15 04:00:00 PM,67.071,,,,
930,08/17/15 05:00:00 PM,67.500,,,,
931,08/17/15 06:00:00 PM,67.842,,,,
932,08/17/15 07:00:00 PM,67.928,,,,
933,08/17/15 08:00:00 PM,68.185,,,,
934,08/17/15 09:00:00 PM,68.185,,,,
935,08/17/15 10:00:00 PM,67.971,,,,
936,08/17/15 11:00:00 PM,67.586,,,,
937,08/18/15 12:00:00 AM,66.857,,,,
938,08/18/15 01:00:00 AM,66.043,,,,
939,08/18/15 02:00:00 AM,64.931,,,,
940,08/18/15 03:00:00 AM,63.990,,,,
941,08/18/15 04:00:00 AM,60.991,,,,
942,08/18/15 05:00:00 AM,60.948,,,,
943,08/18/15 06:00:00 AM,60.561,,,,
944,08/18/15 07:00:00 AM,60.390,,,,
945,08/18/15 08:00:00 AM,59.745,,,,
946,08/18/15 09:00:00 AM,59.959,,,,
947,08/18/15 10:00:00 AM,60.346,,,,
948,08/18/15 11:00:00 AM,60.991,,,,
949,08/18/15 12:00:00 PM,61.506,,,,
950,08/18/15 01:00:00 PM,62.191,,,,
951,08/18/15 02:00:00 PM,62.875,,,,
952,08/18/15 03:00:00 PM,63.775,,,,
953,08/18/15 04:00:00 PM,64.418,,,,
954,08/18/15 05:00:00 PM,64.931,,,,
955,08/18/15 06:00:00 PM,65.102,,,,
956,08/18/15 07:00:00 PM,65.273,,,,
957,08/18/15 08:00:00 PM,65.444,,,,
958,08/18/15 09:00:00 PM,65.230,,,,
959,08/18/15 10:00:00 PM,65.059,,,,
960,08/18/15 11:00:00 PM,64.803,,,,
961,08/19/15 12:00:00 AM,64.332,,,,
962,08/19/15 01:00:00 AM,63.775,,,,
963,08/19/15 02:00:00 AM,63.262,,,,
964,08/19/15 03:00:00 AM,62.834,,,,
965,08/19/15 04:00:00 AM,62.362,,,,
966,08/19/15 05:00:00 AM,62.019,,,,
967,08/19/15 06:00:00 AM,61.720,,,,
968,08/19/15 07:00:00 AM,61.462,,,,
969,08/19/15 08:00:00 AM,61.290,,,,
970,08/19/15 09:00:00 AM,61.290,,,,
971,08/19/15 10:00:00 AM,61.462,,,,
972,08/19/15 11:00:00 AM,62.019,,,,
973,08/19/15 12:00:00 PM,62.577,,,,
974,08/19/15 01:00:00 PM,63.862,,,,
975,08/19/15 02:00:00 PM,64.674,,,,
976,08/19/15 03:00:00 PM,66.087,,,,
977,08/19/15 04:00:00 PM,67.456,,,,
978,08/19/15 05:00:00 PM,68.527,,,,
979,08/19/15 06:00:00 PM,69.170,,,,
980,08/19/15 07:00:00 PM,69.427,,,,
981,08/19/15 08:00:00 PM,69.300,,,,
982,08/19/15 09:00:00 PM,68.956,,,,
983,08/19/15 10:00:00 PM,68.400,,,,
984,08/19/15 11:00:00 PM,67.586,,,,
985,08/20/15 12:00:00 AM,66.558,,,,
986,08/20/15 01:00:00 AM,65.487,,,,
987,08/20/15 02:00:00 AM,64.503,,,,
988,08/20/15 03:00:00 AM,63.732,,,,
989,08/20/15 04:00:00 AM,63.048,,,,
990,08/20/15 05:00:00 AM,62.447,,,,
991,08/20/15 06:00:00 AM,61.891,,,,
992,08/20/15 07:00:00 AM,61.462,,,,
993,08/20/15 08:00:00 AM,61.162,,,,
994,08/20/15 09:00:00 AM,61.119,,,,
995,08/20/15 10:00:00 AM,61.506,,,,
996,08/20/15 11:00:00 AM,62.447,,,,
997,08/20/15 12:00:00 PM,63.433,,,,
998,08/20/15 01:00:00 PM,64.717,,,,
999,08/20/15 02:00:00 PM,66.130,,,,
1000,08/20/15 03:00:00 PM,67.627,,,,
1001,08/20/15 04:00:00 PM,68.956,,,,
1002,08/20/15 05:00:00 PM,69.300,,,,
1003,08/20/15 06:00:00 PM,69.985,,,,
1004,08/20/15 07:00:00 PM,69.514,,,,
1005,08/20/15 08:00:00 PM,69.213,,,,
1006,08/20/15 09:00:00 PM,65.872,,,,
1007,08/20/15 10:00:00 PM,64.503,,,,
1008,08/20/15 11:00:00 PM,64.674,,,,
1009,08/21/15 12:00:00 AM,63.819,,,,
1010,08/21/15 01:00:00 AM,63.090,,,,
1011,08/21/15 02:00:00 AM,64.033,,,,
1012,08/21/15 03:00:00 AM,62.919,,,,
1013,08/21/15 04:00:00 AM,61.977,,,,
1014,08/21/15 05:00:00 AM,61.848,,,,
1015,08/21/15 06:00:00 AM,61.633,,,,
1016,08/21/15 07:00:00 AM,61.720,,,,
1017,08/21/15 08:00:00 AM,61.205,,,,
1018,08/21/15 09:00:00 AM,61.848,,,,
1019,08/21/15 10:00:00 AM,61.761,,,,
1020,08/21/15 11:00:00 AM,63.133,,,,
1021,08/21/15 12:00:00 PM,62.276,,,,
1022,08/21/15 01:00:00 PM,63.304,,,,
1023,08/21/15 02:00:00 PM,66.301,,,,
1024,08/21/15 03:00:00 PM,67.242,,,,
1025,08/21/15 04:00:00 PM,68.527,,,,
1026,08/21/15 05:00:00 PM,68.227,,,,
1027,08/21/15 06:00:00 PM,69.643,,,,
1028,08/21/15 07:00:00 PM,69.427,,,,
1029,08/21/15 08:00:00 PM,72.307,,,,
1030,08/21/15 09:00:00 PM,72.050,,,,
1031,08/21/15 10:00:00 PM,71.490,,,,
1032,08/21/15 11:00:00 PM,70.029,,,,
1033,08/22/15 12:00:00 AM,68.527,,,,
1034,08/22/15 01:00:00 AM,68.270,,,,
1035,08/22/15 02:00:00 AM,67.071,,,,
1036,08/22/15 03:00:00 AM,65.615,,,,
1037,08/22/15 04:00:00 AM,64.803,,,,
1038,08/22/15 05:00:00 AM,64.117,,,,
1039,08/22/15 06:00:00 AM,63.732,,,,
1040,08/22/15 07:00:00 AM,63.133,,,,
1041,08/22/15 08:00:00 AM,62.748,,,,
1042,08/22/15 09:00:00 AM,62.661,,,,
1043,08/22/15 10:00:00 AM,62.704,,,,
1044,08/22/15 11:00:00 AM,63.048,,,,
1045,08/22/15 12:00:00 PM,63.433,,,,
1046,08/22/15 01:00:00 PM,63.946,,,,
1047,08/22/15 02:00:00 PM,64.247,,,,
1048,08/22/15 03:00:00 PM,64.674,,,,
1049,08/22/15 04:00:00 PM,65.145,,,,
1050,08/22/15 05:00:00 PM,65.530,,,,
1051,08/22/15 06:00:00 PM,65.701,,,,
1052,08/22/15 07:00:00 PM,65.745,,,,
1053,08/22/15 08:00:00 PM,65.359,,,,
1054,08/22/15 09:00:00 PM,64.845,,,,
1055,08/22/15 10:00:00 PM,64.247,,,,
1056,08/22/15 11:00:00 PM,63.648,,,,
1057,08/23/15 12:00:00 AM,62.704,,,,
1058,08/23/15 01:00:00 AM,61.934,,,,
1059,08/23/15 02:00:00 AM,61.462,,,,
1060,08/23/15 03:00:00 AM,60.818,,,,
1061,08/23/15 04:00:00 AM,60.303,,,,
1062,08/23/15 05:00:00 AM,59.788,,,,
1063,08/23/15 06:00:00 AM,59.185,,,,
1064,08/23/15 07:00:00 AM,58.669,,,,
1065,08/23/15 08:00:00 AM,58.325,,,,
1066,08/23/15 09:00:00 AM,58.239,,,,
1067,08/23/15 10:00:00 AM,58.541,,,,
1068,08/23/15 11:00:00 AM,59.099,,,,
1069,08/23/15 12:00:00 PM,60.089,,,,
1070,08/23/15 01:00:00 PM,61.290,,,,
1071,08/23/15 02:00:00 PM,62.620,,,,
1072,08/23/15 03:00:00 PM,64.033,,,,
1073,08/23/15 04:00:00 PM,65.444,,,,
1074,08/23/15 05:00:00 PM,66.558,,,,
1075,08/23/15 06:00:00 PM,67.329,,,,
1076,08/23/15 07:00:00 PM,67.798,,,,
1077,08/23/15 08:00:00 PM,67.928,,,,
1078,08/23/15 09:00:00 PM,67.714,,,,
1079,08/23/15 10:00:00 PM,67.285,,,,
1080,08/23/15 11:00:00 PM,66.643,,,,
1081,08/24/15 12:00:00 AM,65.745,,,,
1082,08/24/15 01:00:00 AM,64.803,,,,
1083,08/24/15 02:00:00 AM,63.862,,,,
1084,08/24/15 03:00:00 AM,62.962,,,,
1085,08/24/15 04:00:00 AM,62.191,,,,
1086,08/24/15 05:00:00 AM,61.462,,,,
1087,08/24/15 06:00:00 AM,60.818,,,,
1088,08/24/15 07:00:00 AM,60.260,,,,
1089,08/24/15 08:00:00 AM,59.830,,,,
1090,08/24/15 09:00:00 AM,59.702,,,,
1091,08/24/15 10:00:00 AM,60.089,,,,
1092,08/24/15 11:00:00 AM,60.647,,,,
1093,08/24/15 12:00:00 PM,61.590,,,,
1094,08/24/15 01:00:00 PM,62.661,,,,
1095,08/24/15 02:00:00 PM,63.732,,,,
1096,08/24/15 03:00:00 PM,64.760,,,,
1097,08/24/15 04:00:00 PM,65.701,,,,
1098,08/24/15 05:00:00 PM,68.013,,,,
1099,08/24/15 06:00:00 PM,68.999,,,,
1100,08/24/15 07:00:00 PM,69.213,,,,
1101,08/24/15 08:00:00 PM,68.871,,,,
1102,08/24/15 09:00:00 PM,68.698,,,,
1103,08/24/15 10:00:00 PM,68.142,,,,
1104,08/24/15 11:00:00 PM,67.714,,,,
1105,08/25/15 12:00:00 AM,66.814,,,,
1106,08/25/15 01:00:00 AM,66.087,,,,
1107,08/25/15 02:00:00 AM,65.230,,,,
1108,08/25/15 03:00:00 AM,64.418,,,,
1109,08/25/15 04:00:00 AM,63.648,,,,
1110,08/25/15 05:00:00 AM,63.048,,,,
1111,08/25/15 06:00:00 AM,62.319,,,,
1112,08/25/15 07:00:00 AM,61.761,,,,
1113,08/25/15 08:00:00 AM,61.376,,,,
1114,08/25/15 09:00:00 AM,61.248,,,,
1115,08/25/15 10:00:00 AM,61.633,,,,
1116,08/25/15 11:00:00 AM,62.276,,,,
1117,08/25/15 12:00:00 PM,63.048,,,,
1118,08/25/15 01:00:00 PM,64.247,,,,
1119,08/25/15 02:00:00 PM,65.359,,,,
1120,08/25/15 03:00:00 PM,66.643,,,,
1121,08/25/15 04:00:00 PM,67.842,,,,
1122,08/25/15 05:00:00 PM,68.956,,,,
1123,08/25/15 06:00:00 PM,69.685,,,,
1124,08/25/15 07:00:00 PM,69.942,,,,
1125,08/25/15 08:00:00 PM,69.514,,,,
1126,08/25/15 09:00:00 PM,69.129,,,,
1127,08/25/15 10:00:00 PM,68.785,,,,
1128,08/25/15 11:00:00 PM,68.400,,,,
1129,08/26/15 12:00:00 AM,67.885,,,,
1130,08/26/15 01:00:00 AM,67.071,,,,
1131,08/26/15 02:00:00 AM,66.173,,,,
1132,08/26/15 03:00:00 AM,65.444,,,,
1133,08/26/15 04:00:00 AM,64.760,,,,
1134,08/26/15 05:00:00 AM,64.033,,,,
1135,08/26/15 06:00:00 AM,63.475,,,,
1136,08/26/15 07:00:00 AM,63.219,,,,
1137,08/26/15 08:00:00 AM,62.919,,,,
1138,08/26/15 09:00:00 AM,62.704,,,,
1139,08/26/15 10:00:00 AM,63.048,,,,
1140,08/26/15 11:00:00 AM,63.648,,,,
1141,08/26/15 12:00:00 PM,64.459,,,,
1142,08/26/15 01:00:00 PM,65.403,,,,
1143,08/26/15 02:00:00 PM,66.643,,,,
1144,08/26/15 03:00:00 PM,67.757,,,,
1145,08/26/15 04:00:00 PM,68.956,,,,
1146,08/26/15 05:00:00 PM,69.685,,,,
1147,08/26/15 06:00:00 PM,70.072,,,,
1148,08/26/15 07:00:00 PM,70.716,,,,
1149,08/26/15 08:00:00 PM,70.716,,,,
1150,08/26/15 09:00:00 PM,70.673,,,,
1151,08/26/15 10:00:00 PM,70.286,,,,
1152,08/26/15 11:00:00 PM,69.427,,,,
1153,08/27/15 12:00:00 AM,68.828,,,,
1154,08/27/15 01:00:00 AM,67.928,,,,
1155,08/27/15 02:00:00 AM,67.071,,,,
1156,08/27/15 03:00:00 AM,66.087,,,,
1157,08/27/15 04:00:00 AM,65.530,,,,
1158,08/27/15 05:00:00 AM,65.059,,,,
1159,08/27/15 06:00:00 AM,64.760,,,,
1160,08/27/15 07:00:00 AM,64.503,,,,
1161,08/27/15 08:00:00 AM,64.375,,,,
1162,08/27/15 09:00:00 AM,64.375,,,,
1163,08/27/15 10:00:00 AM,64.589,,,,
1164,08/27/15 11:00:00 AM,65.059,,,,
1165,08/27/15 12:00:00 PM,65.872,,,,
1166,08/27/15 01:00:00 PM,66.515,,,,
1167,08/27/15 02:00:00 PM,67.413,,,,
1168,08/27/15 03:00:00 PM,68.313,,,,
1169,08/27/15 04:00:00 PM,69.170,,,,
1170,08/27/15 05:00:00 PM,69.600,,,,
1171,08/27/15 06:00:00 PM,69.985,,,,
1172,08/27/15 07:00:00 PM,70.416,,,,
1173,08/27/15 08:00:00 PM,70.243,,,,
1174,08/27/15 09:00:00 PM,69.685,,,,
1175,08/27/15 10:00:00 PM,69.256,,,,
1176,08/27/15 11:00:00 PM,68.484,,,,
1177,08/28/15 12:00:00 AM,67.757,,,,
1178,08/28/15 01:00:00 AM,67.242,,,,
1179,08/28/15 02:00:00 AM,66.515,,,,
1180,08/28/15 03:00:00 AM,65.788,,,,
1181,08/28/15 04:00:00 AM,65.059,,,,
1182,08/28/15 05:00:00 AM,64.459,,,,
1183,08/28/15 06:00:00 AM,63.903,,,,
1184,08/28/15 07:00:00 AM,63.475,,,,
1185,08/28/15 08:00:00 AM,63.176,,,,
1186,08/28/15 09:00:00 AM,63.090,,,,
1187,08/28/15 10:00:00 AM,63.304,,,,
1188,08/28/15 11:00:00 AM,63.689,,,,
1189,08/28/15 12:00:00 PM,64.418,,,,
1190,08/28/15 01:00:00 PM,65.316,,,,
1191,08/28/15 02:00:00 PM,66.301,,,,
1192,08/28/15 03:00:00 PM,67.285,,,,
1193,08/28/15 04:00:00 PM,68.698,,,,
1194,08/28/15 05:00:00 PM,69.343,,,,
1195,08/28/15 06:00:00 PM,69.942,,,,
1196,08/28/15 07:00:00 PM,70.416,,,,
1197,08/28/15 08:00:00 PM,70.587,,,,
1198,08/28/15 09:00:00 PM,69.985,,,,
1199,08/28/15 10:00:00 PM,69.386,,,,
1200,08/28/15 11:00:00 PM,68.614,,,,
1201,08/29/15 12:00:00 AM,67.586,,,,
1202,08/29/15 01:00:00 AM,66.558,,,,
1203,08/29/15 02:00:00 AM,65.487,,,,
1204,08/29/15 03:00:00 AM,64.674,,,,
1205,08/29/15 04:00:00 AM,63.862,,,,
1206,08/29/15 05:00:00 AM,63.090,,,,
1207,08/29/15 06:00:00 AM,62.447,,,,
1208,08/29/15 07:00:00 AM,61.891,,,,
1209,08/29/15 08:00:00 AM,61.590,,,,
1210,08/29/15 09:00:00 AM,61.590,,,,
1211,08/29/15 10:00:00 AM,62.062,,,,
1212,08/29/15 11:00:00 AM,62.791,,,,
1213,08/29/15 12:00:00 PM,63.903,,,,
1214,08/29/15 01:00:00 PM,65.316,,,,
1215,08/29/15 02:00:00 PM,66.600,,,,
1216,08/29/15 03:00:00 PM,67.714,,,,
1217,08/29/15 04:00:00 PM,68.871,,,,
1218,08/29/15 05:00:00 PM,69.643,,,,
1219,08/29/15 06:00:00 PM,70.502,,,,
1220,08/29/15 07:00:00 PM,71.146,,,,
1221,08/29/15 08:00:00 PM,71.017,,,,
1222,08/29/15 09:00:00 PM,70.803,,,,
1223,08/29/15 10:00:00 PM,70.072,,,,
1224,08/29/15 11:00:00 PM,69.170,,,,
1225,08/30/15 12:00:00 AM,68.356,,,,
1226,08/30/15 01:00:00 AM,67.329,,,,
1227,08/30/15 02:00:00 AM,66.344,,,,
1228,08/30/15 03:00:00 AM,65.444,,,,
1229,08/30/15 04:00:00 AM,64.760,,,,
1230,08/30/15 05:00:00 AM,64.117,,,,
1231,08/30/15 06:00:00 AM,63.604,,,,
1232,08/30/15 07:00:00 AM,63.219,,,,
1233,08/30/15 08:00:00 AM,62.875,,,,
1234,08/30/15 09:00:00 AM,62.791,,,,
1235,08/30/15 10:00:00 AM,63.048,,,,
1236,08/30/15 11:00:00 AM,63.648,,,,
1237,08/30/15 12:00:00 PM,64.247,,,,
1238,08/30/15 01:00:00 PM,65.403,,,,
1239,08/30/15 02:00:00 PM,66.900,,,,
1240,08/30/15 03:00:00 PM,67.928,,,,
1241,08/30/15 04:00:00 PM,69.300,,,,
1242,08/30/15 05:00:00 PM,70.201,,,,
1243,08/30/15 06:00:00 PM,70.930,,,,
1244,08/30/15 07:00:00 PM,71.533,,,,
1245,08/30/15 08:00:00 PM,71.577,,,,
1246,08/30/15 09:00:00 PM,71.274,,,,
1247,08/30/15 10:00:00 PM,70.846,,,,
1248,08/30/15 11:00:00 PM,70.158,,,,
1249,08/31/15 12:00:00 AM,69.643,,,,
1250,08/31/15 01:00:00 AM,68.871,,,,
1251,08/31/15 02:00:00 AM,68.013,,,,
1252,08/31/15 03:00:00 AM,67.500,,,,
1253,08/31/15 04:00:00 AM,66.814,,,,
1254,08/31/15 05:00:00 AM,66.214,,,,
1255,08/31/15 06:00:00 AM,65.788,,,,
1256,08/31/15 07:00:00 AM,65.487,,,,
1257,08/31/15 08:00:00 AM,65.273,,,,
1258,08/31/15 09:00:00 AM,65.273,,,,
1259,08/31/15 10:00:00 AM,65.487,,,,
1260,08/31/15 11:00:00 AM,65.615,,,,
1261,08/31/15 12:00:00 PM,66.214,,,,
1262,08/31/15 01:00:00 PM,66.900,,,,
1263,08/31/15 02:00:00 PM,67.500,,,,
1264,08/31/15 03:00:00 PM,68.313,,,,
1265,08/31/15 04:00:00 PM,68.871,,,,
1266,08/31/15 05:00:00 PM,69.471,,,,
1267,08/31/15 06:00:00 PM,69.814,,,,
1268,08/31/15 07:00:00 PM,69.728,,,,
1269,08/31/15 08:00:00 PM,69.557,,,,
1270,08/31/15 09:00:00 PM,69.300,,,,
1271,08/31/15 10:00:00 PM,68.614,,,,
1272,08/31/15 11:00:00 PM,68.013,,,,
1273,09/01/15 12:00:00 AM,67.158,,,,
1274,09/01/15 01:00:00 AM,66.385,,,,
1275,09/01/15 02:00:00 AM,65.615,,,,
1276,09/01/15 03:00:00 AM,64.845,,,,
1277,09/01/15 04:00:00 AM,64.288,,,,
1278,09/01/15 05:00:00 AM,63.819,,,,
1279,09/01/15 06:00:00 AM,63.262,,,,
1280,09/01/15 07:00:00 AM,62.748,,,,
1281,09/01/15 08:00:00 AM,62.362,,,,
1282,09/01/15 09:00:00 AM,62.276,,,,
1283,09/01/15 10:00:00 AM,62.447,,,,
1284,09/01/15 11:00:00 AM,63.133,,,,
1285,09/01/15 12:00:00 PM,63.732,,,,
1286,09/01/15 01:00:00 PM,64.632,,,,
1287,09/01/15 02:00:00 PM,65.701,,,,
1288,09/01/15 03:00:00 PM,66.857,,,,
1289,09/01/15 04:00:00 PM,67.971,,,,
1290,09/01/15 05:00:00 PM,68.785,,,,
1291,09/01/15 06:00:00 PM,69.427,,,,
1292,09/01/15 07:00:00 PM,69.858,,,,
1293,09/01/15 08:00:00 PM,70.115,,,,
1294,09/01/15 09:00:00 PM,69.942,,,,
1295,09/01/15 10:00:00 PM,69.643,,,,
1296,09/01/15 11:00:00 PM,69.129,,,,
1297,09/02/15 12:00:00 AM,68.356,,,,
1298,09/02/15 01:00:00 AM,67.114,,,,
1299,09/02/15 02:00:00 AM,66.130,,,,
1300,09/02/15 03:00:00 AM,65.359,,,,
1301,09/02/15 04:00:00 AM,64.760,,,,
1302,09/02/15 05:00:00 AM,64.161,,,,
1303,09/02/15 06:00:00 AM,63.561,,,,
1304,09/02/15 07:00:00 AM,63.219,,,,
1305,09/02/15 08:00:00 AM,62.962,,,,
1306,09/02/15 09:00:00 AM,62.875,,,,
1307,09/02/15 10:00:00 AM,62.962,,,,
1308,09/02/15 11:00:00 AM,63.518,,,,
1309,09/02/15 12:00:00 PM,64.418,,,,
1310,09/02/15 01:00:00 PM,65.359,,,,
1311,09/02/15 02:00:00 PM,66.429,,,,
1312,09/02/15 03:00:00 PM,67.413,,,,
1313,09/02/15 04:00:00 PM,68.698,,,,
1314,09/02/15 05:00:00 PM,69.427,,,,
1315,09/02/15 06:00:00 PM,70.201,,,,
1316,09/02/15 07:00:00 PM,70.673,,,,
1317,09/02/15 08:00:00 PM,70.803,,,,
1318,09/02/15 09:00:00 PM,71.190,,,,
1319,09/02/15 10:00:00 PM,70.329,,,,
1320,09/02/15 11:00:00 PM,70.158,,,,
1321,09/03/15 12:00:00 AM,69.256,,,,
1322,09/03/15 01:00:00 AM,68.227,,,,
1323,09/03/15 02:00:00 AM,67.329,,,,
1324,09/03/15 03:00:00 AM,66.600,,,,
1325,09/03/15 04:00:00 AM,65.872,,,,
1326,09/03/15 05:00:00 AM,65.188,,,,
1327,09/03/15 06:00:00 AM,64.546,,,,
1328,09/03/15 07:00:00 AM,64.117,,,,
1329,09/03/15 08:00:00 AM,63.903,,,,
1330,09/03/15 09:00:00 AM,63.862,,,,
1331,09/03/15 10:00:00 AM,64.247,,,,
1332,09/03/15 11:00:00 AM,64.803,,,,
1333,09/03/15 12:00:00 PM,65.444,,,,
1334,09/03/15 01:00:00 PM,66.130,,,,
1335,09/03/15 02:00:00 PM,66.857,,,,
1336,09/03/15 03:00:00 PM,68.013,,,,
1337,09/03/15 04:00:00 PM,68.785,,,,
1338,09/03/15 05:00:00 PM,69.386,,,,
1339,09/03/15 06:00:00 PM,69.386,,,,
1340,09/03/15 07:00:00 PM,69.557,,,,
1341,09/03/15 08:00:00 PM,69.685,,,,
1342,09/03/15 09:00:00 PM,69.386,,,,
1343,09/03/15 10:00:00 PM,68.657,,,,
1344,09/03/15 11:00:00 PM,68.013,,,,
1345,09/04/15 12:00:00 AM,67.757,,,,
1346,09/04/15 01:00:00 AM,67.242,,,,
1347,09/04/15 02:00:00 AM,66.729,,,,
1348,09/04/15 03:00:00 AM,66.258,,,,
1349,09/04/15 04:00:00 AM,65.658,,,,
1350,09/04/15 05:00:00 AM,65.059,,,,
1351,09/04/15 06:00:00 AM,64.503,,,,
1352,09/04/15 07:00:00 AM,63.903,,,,
1353,09/04/15 08:00:00 AM,63.433,,,,
1354,09/04/15 09:00:00 AM,63.304,,,,
1355,09/04/15 10:00:00 AM,63.219,,,,
1356,09/04/15 11:00:00 AM,63.689,,,,
1357,09/04/15 12:00:00 PM,64.418,,,,
1358,09/04/15 01:00:00 PM,65.273,,,,
1359,09/04/15 02:00:00 PM,66.130,,,,
1360,09/04/15 03:00:00 PM,67.329,,,,
1361,09/04/15 04:00:00 PM,68.356,,,,
1362,09/04/15 05:00:00 PM,69.300,,,,
1363,09/04/15 06:00:00 PM,69.643,,,,
1364,09/04/15 07:00:00 PM,69.985,,,,
1365,09/04/15 08:00:00 PM,70.459,,,,
1366,09/04/15 09:00:00 PM,70.201,,,,
1367,09/04/15 10:00:00 PM,70.072,,,,
1368,09/04/15 11:00:00 PM,69.600,,,,
1369,09/05/15 12:00:00 AM,68.956,,,,
1370,09/05/15 01:00:00 AM,68.356,,,,
1371,09/05/15 02:00:00 AM,67.798,,,,
1372,09/05/15 03:00:00 AM,67.372,,,,
1373,09/05/15 04:00:00 AM,66.772,,,,
1374,09/05/15 05:00:00 AM,66.214,,,,
1375,09/05/15 06:00:00 AM,65.788,,,,
1376,09/05/15 07:00:00 AM,65.444,,,,
1377,09/05/15 08:00:00 AM,65.444,,,,
1378,09/05/15 09:00:00 AM,65.444,,,,
1379,09/05/15 10:00:00 AM,65.615,,,,
1380,09/05/15 11:00:00 AM,66.301,,,,
1381,09/05/15 12:00:00 PM,67.413,,,,
1382,09/05/15 01:00:00 PM,68.313,,,,
1383,09/05/15 02:00:00 PM,69.042,,,,
1384,09/05/15 03:00:00 PM,70.115,,,,
1385,09/05/15 04:00:00 PM,70.502,,,,
1386,09/05/15 05:00:00 PM,70.846,,,,
1387,09/05/15 06:00:00 PM,71.060,,,,
1388,09/05/15 07:00:00 PM,71.231,,,,
1389,09/05/15 08:00:00 PM,70.846,,,,
1390,09/05/15 09:00:00 PM,70.459,,,,
1391,09/05/15 10:00:00 PM,69.985,,,,
1392,09/05/15 11:00:00 PM,69.514,,,,
1393,09/06/15 12:00:00 AM,68.871,,,,
1394,09/06/15 01:00:00 AM,68.099,,,,
1395,09/06/15 02:00:00 AM,67.372,,,,
1396,09/06/15 03:00:00 AM,66.643,,,,
1397,09/06/15 04:00:00 AM,66.087,,,,
1398,09/06/15 05:00:00 AM,65.574,,,,
1399,09/06/15 06:00:00 AM,64.974,,,,
1400,09/06/15 07:00:00 AM,64.418,,,,
1401,09/06/15 08:00:00 AM,64.074,,,,
1402,09/06/15 09:00:00 AM,63.990,,,,
1403,09/06/15 10:00:00 AM,64.247,,,,
1404,09/06/15 11:00:00 AM,64.803,,,,
1405,09/06/15 12:00:00 PM,65.530,,,,
1406,09/06/15 01:00:00 PM,66.643,,,,
1407,09/06/15 02:00:00 PM,67.671,,,,
1408,09/06/15 03:00:00 PM,68.742,,,,
1409,09/06/15 04:00:00 PM,69.814,,,,
1410,09/06/15 05:00:00 PM,70.587,,,,
1411,09/06/15 06:00:00 PM,71.060,,,,
1412,09/06/15 07:00:00 PM,71.274,,,,
1413,09/06/15 08:00:00 PM,71.103,,,,
1414,09/06/15 09:00:00 PM,70.673,,,,
1415,09/06/15 10:00:00 PM,70.115,,,,
1416,09/06/15 11:00:00 PM,69.557,,,,
1417,09/07/15 12:00:00 AM,68.742,,,,
1418,09/07/15 01:00:00 AM,67.842,,,,
1419,09/07/15 02:00:00 AM,67.028,,,,
1420,09/07/15 03:00:00 AM,66.472,,,,
1421,09/07/15 04:00:00 AM,65.872,,,,
1422,09/07/15 05:00:00 AM,65.316,,,,
1423,09/07/15 06:00:00 AM,64.845,,,,
1424,09/07/15 07:00:00 AM,64.459,,,,
1425,09/07/15 08:00:00 AM,64.117,,,,
1426,09/07/15 09:00:00 AM,63.946,,,,
1427,09/07/15 10:00:00 AM,64.247,,,,
1428,09/07/15 11:00:00 AM,64.589,,,,
1429,09/07/15 12:00:00 PM,65.273,,,,
1430,09/07/15 01:00:00 PM,66.087,,,,
1431,09/07/15 02:00:00 PM,66.985,,,,
1432,09/07/15 03:00:00 PM,67.671,,,,
1433,09/07/15 04:00:00 PM,68.313,,,,
1434,09/07/15 05:00:00 PM,69.042,,,,
1435,09/07/15 06:00:00 PM,69.557,,,,
1436,09/07/15 07:00:00 PM,70.072,,,,
1437,09/07/15 08:00:00 PM,70.072,,,,
1438,09/07/15 09:00:00 PM,69.643,,,,
1439,09/07/15 10:00:00 PM,69.042,,,,
1440,09/07/15 11:00:00 PM,68.270,,,,
1441,09/08/15 12:00:00 AM,67.413,,,,
1442,09/08/15 01:00:00 AM,66.472,,,,
1443,09/08/15 02:00:00 AM,65.701,,,,
1444,09/08/15 03:00:00 AM,64.931,,,,
1445,09/08/15 04:00:00 AM,64.161,,,,
1446,09/08/15 05:00:00 AM,63.347,,,,
1447,09/08/15 06:00:00 AM,62.577,,,,
1448,09/08/15 07:00:00 AM,62.019,,,,
1449,09/08/15 08:00:00 AM,61.677,,,,
1450,09/08/15 09:00:00 AM,61.506,,,,
1451,09/08/15 10:00:00 AM,61.547,,,,
1452,09/08/15 11:00:00 AM,61.761,,,,
1453,09/08/15 12:00:00 PM,62.406,,,,
1454,09/08/15 01:00:00 PM,63.561,,,,
1455,09/08/15 02:00:00 PM,64.674,,,,
1456,09/08/15 03:00:00 PM,65.745,,,,
1457,09/08/15 04:00:00 PM,66.814,,,,
1458,09/08/15 05:00:00 PM,67.714,,,,
1459,09/08/15 06:00:00 PM,68.227,,,,
1460,09/08/15 07:00:00 PM,68.443,,,,
1461,09/08/15 08:00:00 PM,68.400,,,,
1462,09/08/15 09:00:00 PM,68.142,,,,
1463,09/08/15 10:00:00 PM,67.842,,,,
1464,09/08/15 11:00:00 PM,67.071,,,,
1465,09/09/15 12:00:00 AM,65.959,,,,
1466,09/09/15 01:00:00 AM,65.017,,,,
1467,09/09/15 02:00:00 AM,64.033,,,,
1468,09/09/15 03:00:00 AM,63.133,,,,
1469,09/09/15 04:00:00 AM,62.406,,,,
1470,09/09/15 05:00:00 AM,61.720,,,,
1471,09/09/15 06:00:00 AM,61.119,,,,
1472,09/09/15 07:00:00 AM,60.561,,,,
1473,09/09/15 08:00:00 AM,60.132,,,,
1474,09/09/15 09:00:00 AM,59.873,,,,
1475,09/09/15 10:00:00 AM,60.174,,,,
1476,09/09/15 11:00:00 AM,60.775,,,,
1477,09/09/15 12:00:00 PM,61.506,,,,
1478,09/09/15 01:00:00 PM,62.620,,,,
1479,09/09/15 02:00:00 PM,63.775,,,,
1480,09/09/15 03:00:00 PM,64.589,,,,
1481,09/09/15 04:00:00 PM,65.530,,,,
1482,09/09/15 05:00:00 PM,66.515,,,,
1483,09/09/15 06:00:00 PM,67.372,,,,
1484,09/09/15 07:00:00 PM,67.757,,,,
1485,09/09/15 08:00:00 PM,67.714,,,,
1486,09/09/15 09:00:00 PM,67.671,,,,
1487,09/09/15 10:00:00 PM,67.071,,,,
1488,09/09/15 11:00:00 PM,66.301,,,,
1489,09/10/15 12:00:00 AM,65.530,,,,
1490,09/10/15 01:00:00 AM,64.717,,,,
1491,09/10/15 02:00:00 AM,63.689,,,,
1492,09/10/15 03:00:00 AM,62.748,,,,
1493,09/10/15 04:00:00 AM,61.934,,,,
1494,09/10/15 05:00:00 AM,61.333,,,,
1495,09/10/15 06:00:00 AM,60.775,,,,
1496,09/10/15 07:00:00 AM,60.303,,,,
1497,09/10/15 08:00:00 AM,59.959,,,,
1498,09/10/15 09:00:00 AM,59.873,,,,
1499,09/10/15 10:00:00 AM,60.174,,,,
1500,09/10/15 11:00:00 AM,60.948,,,,
1501,09/10/15 12:00:00 PM,61.761,,,,
1502,09/10/15 01:00:00 PM,62.919,,,,
1503,09/10/15 02:00:00 PM,63.648,,,,
1504,09/10/15 03:00:00 PM,64.375,,,,
1505,09/10/15 04:00:00 PM,65.230,,,,
1506,09/10/15 05:00:00 PM,66.258,,,,
1507,09/10/15 06:00:00 PM,66.729,,,,
1508,09/10/15 07:00:00 PM,66.900,,,,
1509,09/10/15 08:00:00 PM,66.772,,,,
1510,09/10/15 09:00:00 PM,66.472,,,,
1511,09/10/15 10:00:00 PM,66.130,,,,
1512,09/10/15 11:00:00 PM,65.530,,,,
1513,09/11/15 12:00:00 AM,64.674,,,,
1514,09/11/15 01:00:00 AM,63.903,,,,
1515,09/11/15 02:00:00 AM,63.133,,,,
1516,09/11/15 03:00:00 AM,62.362,,,,
1517,09/11/15 04:00:00 AM,61.677,,,,
1518,09/11/15 05:00:00 AM,61.075,,,,
1519,09/11/15 06:00:00 AM,60.561,,,,
1520,09/11/15 07:00:00 AM,60.089,,,,
1521,09/11/15 08:00:00 AM,59.788,,,,
1522,09/11/15 09:00:00 AM,59.616,,,,
1523,09/11/15 10:00:00 AM,59.959,,,,
1524,09/11/15 11:00:00 AM,60.775,,,,
1525,09/11/15 12:00:00 PM,61.633,,,,
1526,09/11/15 01:00:00 PM,62.704,,,,
1527,09/11/15 02:00:00 PM,63.903,,,,
1528,09/11/15 03:00:00 PM,65.188,,,,
1529,09/11/15 04:00:00 PM,66.214,,,,
1530,09/11/15 05:00:00 PM,67.114,,,,
1531,09/11/15 06:00:00 PM,67.671,,,,
1532,09/11/15 07:00:00 PM,68.013,,,,
1533,09/11/15 08:00:00 PM,68.056,,,,
1534,09/11/15 09:00:00 PM,67.798,,,,
1535,09/11/15 10:00:00 PM,67.285,,,,
1536,09/11/15 11:00:00 PM,66.558,,,,
1537,09/12/15 12:00:00 AM,65.530,,,,
1538,09/12/15 01:00:00 AM,64.632,,,,
1539,09/12/15 02:00:00 AM,63.732,,,,
1540,09/12/15 03:00:00 AM,62.834,,,,
1541,09/12/15 04:00:00 AM,62.062,,,,
1542,09/12/15 05:00:00 AM,61.419,,,,
1543,09/12/15 06:00:00 AM,60.861,,,,
1544,09/12/15 07:00:00 AM,60.346,,,,
1545,09/12/15 08:00:00 AM,59.959,,,,
1546,09/12/15 09:00:00 AM,59.745,,,,
1547,09/12/15 10:00:00 AM,60.046,,,,
1548,09/12/15 11:00:00 AM,60.647,,,,
1549,09/12/15 12:00:00 PM,61.462,,,,
1550,09/12/15 01:00:00 PM,62.620,,,,
1551,09/12/15 02:00:00 PM,63.819,,,,
1552,09/12/15 03:00:00 PM,65.102,,,,
1553,09/12/15 04:00:00 PM,66.173,,,,
1554,09/12/15 05:00:00 PM,67.158,,,,
1555,09/12/15 06:00:00 PM,67.757,,,,
1556,09/12/15 07:00:00 PM,68.185,,,,
1557,09/12/15 08:00:00 PM,68.313,,,,
1558,09/12/15 09:00:00 PM,68.099,,,,
1559,09/12/15 10:00:00 PM,67.714,,,,
1560,09/12/15 11:00:00 PM,67.158,,,,
1561,09/13/15 12:00:00 AM,66.301,,,,
1562,09/13/15 01:00:00 AM,65.316,,,,
1563,09/13/15 02:00:00 AM,64.375,,,,
1564,09/13/15 03:00:00 AM,63.518,,,,
1565,09/13/15 04:00:00 AM,62.748,,,,
1566,09/13/15 05:00:00 AM,62.062,,,,
1567,09/13/15 06:00:00 AM,61.462,,,,
1568,09/13/15 07:00:00 AM,60.904,,,,
1569,09/13/15 08:00:00 AM,60.474,,,,
1570,09/13/15 09:00:00 AM,60.217,,,,
1571,09/13/15 10:00:00 AM,60.474,,,,
1572,09/13/15 11:00:00 AM,61.075,,,,
1573,09/13/15 12:00:00 PM,61.891,,,,
1574,09/13/15 01:00:00 PM,62.962,,,,
1575,09/13/15 02:00:00 PM,64.247,,,,
1576,09/13/15 03:00:00 PM,65.444,,,,
1577,09/13/15 04:00:00 PM,66.558,,,,
1578,09/13/15 05:00:00 PM,67.456,,,,
1579,09/13/15 06:00:00 PM,68.099,,,,
1580,09/13/15 07:00:00 PM,68.527,,,,
1581,09/13/15 08:00:00 PM,68.614,,,,
1582,09/13/15 09:00:00 PM,68.443,,,,
1583,09/13/15 10:00:00 PM,67.971,,,,
1584,09/13/15 11:00:00 PM,67.199,,,,
1585,09/14/15 12:00:00 AM,66.344,,,,
1586,09/14/15 01:00:00 AM,65.273,,,,
1587,09/14/15 02:00:00 AM,64.288,,,,
1588,09/14/15 03:00:00 AM,63.433,,,,
1589,09/14/15 04:00:00 AM,62.791,,,,
1590,09/14/15 05:00:00 AM,62.019,,,,
1591,09/14/15 06:00:00 AM,61.376,,,,
1592,09/14/15 07:00:00 AM,60.775,,,,
1593,09/14/15 08:00:00 AM,60.303,,,,
1594,09/14/15 09:00:00 AM,60.132,,,,
1595,09/14/15 10:00:00 AM,60.346,,,,
1596,09/14/15 11:00:00 AM,60.861,,,,
1597,09/14/15 12:00:00 PM,61.333,,,,
1598,09/14/15 01:00:00 PM,62.191,,,,
1599,09/14/15 02:00:00 PM,63.262,,,,
1600,09/14/15 03:00:00 PM,64.418,,,,
1601,09/14/15 04:00:00 PM,65.444,,,,
1602,09/14/15 05:00:00 PM,66.000,,,,
1603,09/14/15 06:00:00 PM,66.600,,,,
1604,09/14/15 07:00:00 PM,66.985,,,,
1605,09/14/15 08:00:00 PM,67.114,,,,
1606,09/14/15 09:00:00 PM,67.114,,,,
1607,09/14/15 10:00:00 PM,66.900,,,,
1608,09/14/15 11:00:00 PM,66.600,,,,
1609,09/15/15 12:00:00 AM,66.087,,,,
1610,09/15/15 01:00:00 AM,65.359,,,,
1611,09/15/15 02:00:00 AM,64.674,,,,
1612,09/15/15 03:00:00 AM,64.117,,,,
1613,09/15/15 04:00:00 AM,63.475,,,,
1614,09/15/15 05:00:00 AM,63.048,,,,
1615,09/15/15 06:00:00 AM,62.620,,,,
1616,09/15/15 07:00:00 AM,62.233,,,,
1617,09/15/15 08:00:00 AM,62.019,,,,
1618,09/15/15 09:00:00 AM,61.891,,,,
1619,09/15/15 10:00:00 AM,62.019,,,,
1620,09/15/15 11:00:00 AM,62.233,,,,
1621,09/15/15 12:00:00 PM,62.704,,,,
1622,09/15/15 01:00:00 PM,63.689,,,,
1623,09/15/15 02:00:00 PM,64.760,,,,
1624,09/15/15 03:00:00 PM,65.403,,,,
1625,09/15/15 04:00:00 PM,66.173,,,,
1626,09/15/15 05:00:00 PM,66.857,,,,
1627,09/15/15 06:00:00 PM,67.285,,,,
1628,09/15/15 07:00:00 PM,67.329,,,,
1629,09/15/15 08:00:00 PM,67.158,,,,
1630,09/15/15 09:00:00 PM,67.071,,,,
1631,09/15/15 10:00:00 PM,66.857,,,,
1632,09/15/15 11:00:00 PM,66.301,,,,
1633,09/16/15 12:00:00 AM,65.788,,,,
1634,09/16/15 01:00:00 AM,65.059,,,,
1635,09/16/15 02:00:00 AM,64.503,,,,
1636,09/16/15 03:00:00 AM,63.903,,,,
1637,09/16/15 04:00:00 AM,63.433,,,,
1638,09/16/15 05:00:00 AM,63.048,,,,
1639,09/16/15 06:00:00 AM,62.620,,,,
1640,09/16/15 07:00:00 AM,62.276,,,,
1641,09/16/15 08:00:00 AM,62.019,,,,
1642,09/16/15 09:00:00 AM,62.019,,,,
1643,09/16/15 10:00:00 AM,62.233,,,,
1644,09/16/15 11:00:00 AM,62.447,,,,
1645,09/16/15 12:00:00 PM,62.962,,,,
1646,09/16/15 01:00:00 PM,63.819,,,,
1647,09/16/15 02:00:00 PM,64.760,,,,
1648,09/16/15 03:00:00 PM,65.615,,,,
1649,09/16/15 04:00:00 PM,66.173,,,,
1650,09/16/15 05:00:00 PM,66.686,,,,
1651,09/16/15 06:00:00 PM,66.985,,,,
1652,09/16/15 07:00:00 PM,67.028,,,,
1653,09/16/15 08:00:00 PM,66.900,,,,
1654,09/16/15 09:00:00 PM,66.772,,,,
1655,09/16/15 10:00:00 PM,66.515,,,,
1656,09/16/15 11:00:00 PM,66.214,,,,
1657,09/17/15 12:00:00 AM,65.615,,,,
1658,09/17/15 01:00:00 AM,64.974,,,,
1659,09/17/15 02:00:00 AM,64.332,,,,
1660,09/17/15 03:00:00 AM,63.732,,,,
1661,09/17/15 04:00:00 AM,63.219,,,,
1662,09/17/15 05:00:00 AM,62.704,,,,
1663,09/17/15 06:00:00 AM,62.276,,,,
1664,09/17/15 07:00:00 AM,61.848,,,,
1665,09/17/15 08:00:00 AM,61.506,,,,
1666,09/17/15 09:00:00 AM,61.290,,,,
1667,09/17/15 10:00:00 AM,61.162,,,,
1668,09/17/15 11:00:00 AM,61.119,,,,
1669,09/17/15 12:00:00 PM,61.162,,,,
1670,09/17/15 01:00:00 PM,61.248,,,,
1671,09/17/15 02:00:00 PM,61.506,,,,
1672,09/17/15 03:00:00 PM,61.891,,,,
1673,09/17/15 04:00:00 PM,62.620,,,,
1674,09/17/15 05:00:00 PM,63.219,,,,
1675,09/17/15 06:00:00 PM,63.304,,,,
1676,09/17/15 07:00:00 PM,63.219,,,,
1677,09/17/15 08:00:00 PM,62.962,,,,
1678,09/17/15 09:00:00 PM,62.620,,,,
1679,09/17/15 10:00:00 PM,62.406,,,,
1680,09/17/15 11:00:00 PM,62.148,,,,
1681,09/18/15 12:00:00 AM,61.891,,,,
1682,09/18/15 01:00:00 AM,61.590,,,,
1683,09/18/15 02:00:00 AM,61.333,,,,
1684,09/18/15 03:00:00 AM,61.162,,,,
1685,09/18/15 04:00:00 AM,60.991,,,,
1686,09/18/15 05:00:00 AM,60.818,,,,
1687,09/18/15 06:00:00 AM,60.604,,,,
1688,09/18/15 07:00:00 AM,60.346,,,,
1689,09/18/15 08:00:00 AM,60.260,,,,
1690,09/18/15 09:00:00 AM,60.390,,,,
1691,09/18/15 10:00:00 AM,60.217,,,,
1692,09/18/15 11:00:00 AM,60.904,,,,
1693,09/18/15 12:00:00 PM,61.376,,,,
1694,09/18/15 01:00:00 PM,62.105,,,,
1695,09/18/15 02:00:00 PM,63.262,,,,
1696,09/18/15 03:00:00 PM,64.074,,,,
1697,09/18/15 04:00:00 PM,64.204,,,,
1698,09/18/15 05:00:00 PM,64.204,,,,
1699,09/18/15 06:00:00 PM,63.775,,,,
1700,09/18/15 07:00:00 PM,63.433,,,,
1701,09/18/15 08:00:00 PM,62.834,,,,
1702,09/18/15 09:00:00 PM,62.233,,,,
1703,09/18/15 10:00:00 PM,61.677,,,,
1704,09/18/15 11:00:00 PM,61.119,,,,
1705,09/19/15 12:00:00 AM,60.733,,,,
1706,09/19/15 01:00:00 AM,60.303,,,,
1707,09/19/15 02:00:00 AM,59.959,,,,
1708,09/19/15 03:00:00 AM,59.659,,,,
1709,09/19/15 04:00:00 AM,59.358,,,,
1710,09/19/15 05:00:00 AM,59.099,,,,
1711,09/19/15 06:00:00 AM,58.798,,,,
1712,09/19/15 07:00:00 AM,58.541,,,,
1713,09/19/15 08:00:00 AM,58.239,,,,
1714,09/19/15 09:00:00 AM,58.195,,,,
1715,09/19/15 10:00:00 AM,58.498,,,,
1716,09/19/15 11:00:00 AM,59.142,,,,
1717,09/19/15 12:00:00 PM,60.089,,,,
1718,09/19/15 01:00:00 PM,61.248,,,,
1719,09/19/15 02:00:00 PM,62.362,,,,
1720,09/19/15 03:00:00 PM,63.390,,,,
1721,09/19/15 04:00:00 PM,63.990,,,,
1722,09/19/15 05:00:00 PM,64.117,,,,
1723,09/19/15 06:00:00 PM,63.990,,,,
1724,09/19/15 07:00:00 PM,63.648,,,,
1725,09/19/15 08:00:00 PM,63.133,,,,
1726,09/19/15 09:00:00 PM,62.533,,,,
1727,09/19/15 10:00:00 PM,61.848,,,,
1728,09/19/15 11:00:00 PM,61.376,,,,
1729,09/20/15 12:00:00 AM,60.948,,,,
1730,09/20/15 01:00:00 AM,60.561,,,,
1731,09/20/15 02:00:00 AM,60.217,,,,
1732,09/20/15 03:00:00 AM,59.873,,,,
1733,09/20/15 04:00:00 AM,59.486,,,,
1734,09/20/15 05:00:00 AM,59.142,,,,
1735,09/20/15 06:00:00 AM,58.798,,,,
1736,09/20/15 07:00:00 AM,58.455,,,,
1737,09/20/15 08:00:00 AM,58.195,,,,
1738,09/20/15 09:00:00 AM,58.066,,,,
1739,09/20/15 10:00:00 AM,58.498,,,,
1740,09/20/15 11:00:00 AM,59.185,,,,
1741,09/20/15 12:00:00 PM,60.217,,,,
1742,09/20/15 01:00:00 PM,61.419,,,,
1743,09/20/15 02:00:00 PM,62.704,,,,
1744,09/20/15 03:00:00 PM,63.775,,,,
1745,09/20/15 04:00:00 PM,64.288,,,,
1746,09/20/15 05:00:00 PM,64.332,,,,
1747,09/20/15 06:00:00 PM,64.332,,,,
1748,09/20/15 07:00:00 PM,64.161,,,,
1749,09/20/15 08:00:00 PM,63.689,,,,
1750,09/20/15 09:00:00 PM,63.048,,,,
1751,09/20/15 10:00:00 PM,62.490,,,,
1752,09/20/15 11:00:00 PM,61.934,,,,
1753,09/21/15 12:00:00 AM,61.506,,,,
1754,09/21/15 01:00:00 AM,61.162,,,,
1755,09/21/15 02:00:00 AM,60.818,,,,
1756,09/21/15 03:00:00 AM,60.517,,,,
1757,09/21/15 04:00:00 AM,60.217,,,,
1758,09/21/15 05:00:00 AM,59.916,,,,
1759,09/21/15 06:00:00 AM,59.616,,,,
1760,09/21/15 07:00:00 AM,59.315,,,,
1761,09/21/15 08:00:00 AM,59.056,,,,
1762,09/21/15 09:00:00 AM,59.014,,,,
1763,09/21/15 10:00:00 AM,59.445,,,,
1764,09/21/15 11:00:00 AM,60.217,,,,
1765,09/21/15 12:00:00 PM,61.248,,,,
1766,09/21/15 01:00:00 PM,62.490,,,,
1767,09/21/15 02:00:00 PM,63.732,,,,
1768,09/21/15 03:00:00 PM,64.717,,,,
1769,09/21/15 04:00:00 PM,65.316,,,,
1770,09/21/15 05:00:00 PM,65.444,,,,
1771,09/21/15 06:00:00 PM,65.188,,,,
1772,09/21/15 07:00:00 PM,64.888,,,,
1773,09/21/15 08:00:00 PM,64.503,,,,
1774,09/21/15 09:00:00 PM,63.990,,,,
1775,09/21/15 10:00:00 PM,63.390,,,,
1776,09/21/15 11:00:00 PM,62.791,,,,
1777,09/22/15 12:00:00 AM,62.362,,,,
1778,09/22/15 01:00:00 AM,62.019,,,,
1779,09/22/15 02:00:00 AM,61.677,,,,
1780,09/22/15 03:00:00 AM,61.419,,,,
1781,09/22/15 04:00:00 AM,61.162,,,,
1782,09/22/15 05:00:00 AM,60.818,,,,
1783,09/22/15 06:00:00 AM,60.561,,,,
1784,09/22/15 07:00:00 AM,60.303,,,,
1785,09/22/15 08:00:00 AM,60.089,,,,
1786,09/22/15 09:00:00 AM,60.046,,,,
1787,09/22/15 10:00:00 AM,60.303,,,,
1788,09/22/15 11:00:00 AM,60.948,,,,
1789,09/22/15 12:00:00 PM,61.804,,,,
1790,09/22/15 01:00:00 PM,62.748,,,,
1791,09/22/15 02:00:00 PM,63.819,,,,
1792,09/22/15 03:00:00 PM,64.674,,,,
1793,09/22/15 04:00:00 PM,65.017,,,,
1794,09/22/15 05:00:00 PM,64.888,,,,
1795,09/22/15 06:00:00 PM,64.589,,,,
1796,09/22/15 07:00:00 PM,64.074,,,,
1797,09/22/15 08:00:00 PM,63.518,,,,
1798,09/22/15 09:00:00 PM,63.005,,,,
1799,09/22/15 10:00:00 PM,62.620,,,,
1800,09/22/15 11:00:00 PM,62.319,,,,
1801,09/23/15 12:00:00 AM,62.191,,,,
1802,09/23/15 01:00:00 AM,62.191,,,,
1803,09/23/15 02:00:00 AM,62.191,,,,
1804,09/23/15 03:00:00 AM,62.105,,,,
1805,09/23/15 04:00:00 AM,62.105,,,,
1806,09/23/15 05:00:00 AM,62.062,,,,
1807,09/23/15 06:00:00 AM,62.019,,,,
1808,09/23/15 07:00:00 AM,61.934,,,,
1809,09/23/15 08:00:00 AM,61.848,,,,
1810,09/23/15 09:00:00 AM,61.761,,,,
1811,09/23/15 10:00:00 AM,61.891,,,,
1812,09/23/15 11:00:00 AM,62.233,,,,
1813,09/23/15 12:00:00 PM,62.620,,,,
1814,09/23/15 01:00:00 PM,63.518,,,,
1815,09/23/15 02:00:00 PM,64.589,,,,
1816,09/23/15 03:00:00 PM,65.316,,,,
1817,09/23/15 04:00:00 PM,65.829,,,,
1818,09/23/15 05:00:00 PM,65.959,,,,
1819,09/23/15 06:00:00 PM,65.916,,,,
1820,09/23/15 07:00:00 PM,65.574,,,,
1821,09/23/15 08:00:00 PM,65.145,,,,
1822,09/23/15 09:00:00 PM,64.589,,,,
1823,09/23/15 10:00:00 PM,63.990,,,,
1824,09/23/15 11:00:00 PM,63.475,,,,
1825,09/24/15 12:00:00 AM,63.133,,,,
1826,09/24/15 01:00:00 AM,62.834,,,,
1827,09/24/15 02:00:00 AM,62.577,,,,
1828,09/24/15 03:00:00 AM,62.276,,,,
1829,09/24/15 04:00:00 AM,62.062,,,,
1830,09/24/15 05:00:00 AM,61.761,,,,
1831,09/24/15 06:00:00 AM,61.506,,,,
1832,09/24/15 07:00:00 AM,61.290,,,,
1833,09/24/15 08:00:00 AM,61.162,,,,
1834,09/24/15 09:00:00 AM,61.119,,,,
1835,09/24/15 10:00:00 AM,61.248,,,,
1836,09/24/15 11:00:00 AM,61.720,,,,
1837,09/24/15 12:00:00 PM,62.577,,,,
1838,09/24/15 01:00:00 PM,63.604,,,,
1839,09/24/15 02:00:00 PM,64.760,,,,
1840,09/24/15 03:00:00 PM,65.701,,,,
1841,09/24/15 04:00:00 PM,66.301,,,,
1842,09/24/15 05:00:00 PM,66.385,,,,
1843,09/24/15 06:00:00 PM,66.214,,,,
1844,09/24/15 07:00:00 PM,65.788,,,,
1845,09/24/15 08:00:00 PM,65.316,,,,
1846,09/24/15 09:00:00 PM,64.760,,,,
1847,09/24/15 10:00:00 PM,64.161,,,,
1848,09/24/15 11:00:00 PM,63.732,,,,
1849,09/25/15 12:00:00 AM,63.390,,,,
1850,09/25/15 01:00:00 AM,63.048,,,,
1851,09/25/15 02:00:00 AM,62.704,,,,
1852,09/25/15 03:00:00 AM,62.362,,,,
1853,09/25/15 04:00:00 AM,62.019,,,,
1854,09/25/15 05:00:00 AM,61.761,,,,
1855,09/25/15 06:00:00 AM,61.547,,,,
1856,09/25/15 07:00:00 AM,61.376,,,,
1857,09/25/15 08:00:00 AM,61.248,,,,
1858,09/25/15 09:00:00 AM,61.205,,,,
1859,09/25/15 10:00:00 AM,61.333,,,,
1860,09/25/15 11:00:00 AM,61.547,,,,
1861,09/25/15 12:00:00 PM,61.977,,,,
1862,09/25/15 01:00:00 PM,62.791,,,,
1863,09/25/15 02:00:00 PM,63.732,,,,
1864,09/25/15 03:00:00 PM,64.503,,,,
1865,09/25/15 04:00:00 PM,65.059,,,,
1866,09/25/15 05:00:00 PM,65.102,,,,
1867,09/25/15 06:00:00 PM,64.760,,,,
1868,09/25/15 07:00:00 PM,64.204,,,,
1869,09/25/15 08:00:00 PM,63.648,,,,
1870,09/25/15 09:00:00 PM,63.133,,,,
1871,09/25/15 10:00:00 PM,62.704,,,,
1872,09/25/15 11:00:00 PM,62.362,,,,
1873,09/26/15 12:00:00 AM,62.105,,,,
1874,09/26/15 01:00:00 AM,61.848,,,,
1875,09/26/15 02:00:00 AM,61.590,,,,
1876,09/26/15 03:00:00 AM,61.333,,,,
1877,09/26/15 04:00:00 AM,61.119,,,,
1878,09/26/15 05:00:00 AM,60.904,,,,
1879,09/26/15 06:00:00 AM,60.690,,,,
1880,09/26/15 07:00:00 AM,60.433,,,,
1881,09/26/15 08:00:00 AM,60.217,,,,
1882,09/26/15 09:00:00 AM,60.132,,,,
1883,09/26/15 10:00:00 AM,60.390,,,,
1884,09/26/15 11:00:00 AM,60.991,,,,
1885,09/26/15 12:00:00 PM,61.761,,,,
1886,09/26/15 01:00:00 PM,62.834,,,,
1887,09/26/15 02:00:00 PM,63.946,,,,
1888,09/26/15 03:00:00 PM,64.803,,,,
1889,09/26/15 04:00:00 PM,65.359,,,,
1890,09/26/15 05:00:00 PM,65.359,,,,
1891,09/26/15 06:00:00 PM,65.145,,,,
1892,09/26/15 07:00:00 PM,64.717,,,,
1893,09/26/15 08:00:00 PM,64.117,,,,
1894,09/26/15 09:00:00 PM,63.648,,,,
1895,09/26/15 10:00:00 PM,63.219,,,,
1896,09/26/15 11:00:00 PM,62.875,,,,
1897,09/27/15 12:00:00 AM,62.620,,,,
1898,09/27/15 01:00:00 AM,62.362,,,,
1899,09/27/15 02:00:00 AM,62.105,,,,
1900,09/27/15 03:00:00 AM,61.891,,,,
1901,09/27/15 04:00:00 AM,61.590,,,,
1902,09/27/15 05:00:00 AM,61.333,,,,
1903,09/27/15 06:00:00 AM,60.991,,,,
1904,09/27/15 07:00:00 AM,60.647,,,,
1905,09/27/15 08:00:00 AM,60.346,,,,
1906,09/27/15 09:00:00 AM,60.260,,,,
1907,09/27/15 10:00:00 AM,60.474,,,,
1908,09/27/15 11:00:00 AM,61.075,,,,
1909,09/27/15 12:00:00 PM,61.977,,,,
1910,09/27/15 01:00:00 PM,63.048,,,,
1911,09/27/15 02:00:00 PM,64.033,,,,
1912,09/27/15 03:00:00 PM,64.888,,,,
1913,09/27/15 04:00:00 PM,65.230,,,,
1914,09/27/15 05:00:00 PM,65.359,,,,
1915,09/27/15 06:00:00 PM,65.273,,,,
1916,09/27/15 07:00:00 PM,65.102,,,,
1917,09/27/15 08:00:00 PM,64.760,,,,
1918,09/27/15 09:00:00 PM,64.247,,,,
1919,09/27/15 10:00:00 PM,63.990,,,,
1920,09/27/15 11:00:00 PM,63.604,,,,
1921,09/28/15 12:00:00 AM,63.347,,,,
1922,09/28/15 01:00:00 AM,63.048,,,,
1923,09/28/15 02:00:00 AM,62.791,,,,
1924,09/28/15 03:00:00 AM,62.490,,,,
1925,09/28/15 04:00:00 AM,62.233,,,,
1926,09/28/15 05:00:00 AM,62.019,,,,
1927,09/28/15 06:00:00 AM,61.761,,,,
1928,09/28/15 07:00:00 AM,61.590,,,,
1929,09/28/15 08:00:00 AM,61.419,,,,
1930,09/28/15 09:00:00 AM,61.333,,,,
1931,09/28/15 10:00:00 AM,61.333,,,,
1932,09/28/15 11:00:00 AM,61.547,,,,
1933,09/28/15 12:00:00 PM,62.062,,,,
1934,09/28/15 01:00:00 PM,62.791,,,,
1935,09/28/15 02:00:00 PM,63.133,,,,
1936,09/28/15 03:00:00 PM,63.262,,,,
1937,09/28/15 04:00:00 PM,63.304,,,,
1938,09/28/15 05:00:00 PM,63.133,,,,
1939,09/28/15 06:00:00 PM,62.875,,,,
1940,09/28/15 07:00:00 PM,62.620,,,,
1941,09/28/15 08:00:00 PM,62.362,,,,
1942,09/28/15 09:00:00 PM,62.148,,,,
1943,09/28/15 10:00:00 PM,61.848,,,,
1944,09/28/15 11:00:00 PM,61.506,,,,
1945,09/29/15 12:00:00 AM,61.333,,,,
1946,09/29/15 01:00:00 AM,61.248,,,,
1947,09/29/15 02:00:00 AM,61.119,,,,
1948,09/29/15 03:00:00 AM,61.075,,,,
1949,09/29/15 04:00:00 AM,60.904,,,,
1950,09/29/15 05:00:00 AM,60.818,,,,
1951,09/29/15 06:00:00 AM,60.647,,,,
1952,09/29/15 07:00:00 AM,60.474,,,,
1953,09/29/15 08:00:00 AM,60.260,,,,
1954,09/29/15 09:00:00 AM,60.089,,,,
1955,09/29/15 10:00:00 AM,60.089,,,,
1956,09/29/15 11:00:00 AM,60.132,,,,
1957,09/29/15 12:00:00 PM,60.303,,,,
1958,09/29/15 01:00:00 PM,60.948,,,,
1959,09/29/15 02:00:00 PM,61.633,,,,
1960,09/29/15 03:00:00 PM,62.319,,,,
1961,09/29/15 04:00:00 PM,63.005,,,,
1962,09/29/15 05:00:00 PM,63.090,,,,
1963,09/29/15 06:00:00 PM,63.090,,,,
1964,09/29/15 07:00:00 PM,62.791,,,,
1965,09/29/15 08:00:00 PM,62.406,,,,
1966,09/29/15 09:00:00 PM,61.934,,,,
1967,09/29/15 10:00:00 PM,61.590,,,,
1968,09/29/15 11:00:00 PM,61.333,,,,
1969,09/30/15 12:00:00 AM,61.075,,,,
1970,09/30/15 01:00:00 AM,60.904,,,,
1971,09/30/15 02:00:00 AM,60.733,,,,
1972,09/30/15 03:00:00 AM,60.561,,,,
1973,09/30/15 04:00:00 AM,60.390,,,,
1974,09/30/15 05:00:00 AM,60.260,,,,
1975,09/30/15 06:00:00 AM,60.217,,,,
1976,09/30/15 07:00:00 AM,60.046,,,,
1977,09/30/15 08:00:00 AM,59.959,,,,
1978,09/30/15 09:00:00 AM,59.916,,,,
1979,09/30/15 10:00:00 AM,59.916,,,,
1980,09/30/15 11:00:00 AM,59.959,,,,
1981,09/30/15 12:00:00 PM,60.089,,,,
1982,09/30/15 01:00:00 PM,60.390,,,,
1983,09/30/15 02:00:00 PM,61.032,,,,
1984,09/30/15 03:00:00 PM,61.677,,,,
1985,09/30/15 04:00:00 PM,62.191,,,,
1986,09/30/15 05:00:00 PM,62.276,,,,
1987,09/30/15 06:00:00 PM,62.191,,,,
1988,09/30/15 07:00:00 PM,62.019,,,,
1989,09/30/15 08:00:00 PM,61.633,,,,
1990,09/30/15 09:00:00 PM,61.205,,,,
1991,09/30/15 10:00:00 PM,60.904,,,,
1992,09/30/15 11:00:00 PM,60.647,,,,
1993,10/01/15 12:00:00 AM,60.474,,,,
1994,10/01/15 01:00:00 AM,60.346,,,,
1995,10/01/15 02:00:00 AM,60.174,,,,
1996,10/01/15 03:00:00 AM,60.003,,,,
1997,10/01/15 04:00:00 AM,59.873,,,,
1998,10/01/15 05:00:00 AM,59.830,,,,
1999,10/01/15 06:00:00 AM,59.702,,,,
2000,10/01/15 07:00:00 AM,59.529,,,,
2001,10/01/15 08:00:00 AM,59.445,,,,
2002,10/01/15 09:00:00 AM,59.486,,,,
2003,10/01/15 10:00:00 AM,59.702,,,,
2004,10/01/15 11:00:00 AM,59.873,,,,
2005,10/01/15 12:00:00 PM,60.046,,,,
2006,10/01/15 01:00:00 PM,60.904,,,,
2007,10/01/15 02:00:00 PM,61.677,,,,
2008,10/01/15 03:00:00 PM,62.105,,,,
2009,10/01/15 04:00:00 PM,62.447,,,,
2010,10/01/15 05:00:00 PM,62.834,,,,
2011,10/01/15 06:00:00 PM,62.748,,,,
2012,10/01/15 07:00:00 PM,62.362,,,,
2013,10/01/15 08:00:00 PM,62.062,,,,
2014,10/01/15 09:00:00 PM,61.761,,,,
2015,10/01/15 10:00:00 PM,61.376,,,,
2016,10/01/15 11:00:00 PM,61.075,,,,
2017,10/02/15 12:00:00 AM,60.904,,,,
2018,10/02/15 01:00:00 AM,60.733,,,,
2019,10/02/15 02:00:00 AM,60.561,,,,
2020,10/02/15 03:00:00 AM,60.390,,,,
2021,10/02/15 04:00:00 AM,60.217,,,,
2022,10/02/15 05:00:00 AM,60.003,,,,
2023,10/02/15 06:00:00 AM,59.745,,,,
2024,10/02/15 07:00:00 AM,59.486,,,,
2025,10/02/15 08:00:00 AM,59.142,,,,
2026,10/02/15 09:00:00 AM,58.885,,,,
2027,10/02/15 10:00:00 AM,58.928,,,,
2028,10/02/15 11:00:00 AM,58.842,,,,
2029,10/02/15 12:00:00 PM,58.971,,,,
2030,10/02/15 01:00:00 PM,58.928,,,,
2031,10/02/15 02:00:00 PM,58.842,,,,
2032,10/02/15 03:00:00 PM,58.712,,,,
2033,10/02/15 04:00:00 PM,58.541,,,,
2034,10/02/15 05:00:00 PM,58.195,,,,
2035,10/02/15 06:00:00 PM,57.807,,,,
2036,10/02/15 07:00:00 PM,57.290,,,,
2037,10/02/15 08:00:00 PM,56.858,,,,
2038,10/02/15 09:00:00 PM,56.383,,,,
2039,10/02/15 10:00:00 PM,55.949,,,,
2040,10/02/15 11:00:00 PM,55.472,,,,
2041,10/03/15 12:00:00 AM,55.038,,,,
2042,10/03/15 01:00:00 AM,54.648,,,,
2043,10/03/15 02:00:00 AM,54.430,,,,
2044,10/03/15 03:00:00 AM,54.387,,,,
2045,10/03/15 04:00:00 AM,54.343,,,,
2046,10/03/15 05:00:00 AM,54.300,,,,
2047,10/03/15 06:00:00 AM,54.169,,,,
2048,10/03/15 07:00:00 AM,53.951,,,,
2049,10/03/15 08:00:00 AM,53.776,,,,
2050,10/03/15 09:00:00 AM,53.690,,,,
2051,10/03/15 10:00:00 AM,53.690,,,,
2052,10/03/15 11:00:00 AM,53.776,,,,
2053,10/03/15 12:00:00 PM,53.820,,,,
2054,10/03/15 01:00:00 PM,53.908,,,,
2055,10/03/15 02:00:00 PM,53.951,,,,
2056,10/03/15 03:00:00 PM,53.994,,,,
2057,10/03/15 04:00:00 PM,54.082,,,,
2058,10/03/15 05:00:00 PM,54.082,,,,
2059,10/03/15 06:00:00 PM,54.037,,,,
2060,10/03/15 07:00:00 PM,53.951,,,,
2061,10/03/15 08:00:00 PM,53.908,,,,
2062,10/03/15 09:00:00 PM,53.776,,,,
2063,10/03/15 10:00:00 PM,53.733,,,,
2064,10/03/15 11:00:00 PM,53.645,,,,
2065,10/04/15 12:00:00 AM,53.645,,,,
2066,10/04/15 01:00:00 AM,53.602,,,,
2067,10/04/15 02:00:00 AM,53.559,,,,
2068,10/04/15 03:00:00 AM,53.559,,,,
2069,10/04/15 04:00:00 AM,53.559,,,,
2070,10/04/15 05:00:00 AM,53.559,,,,
2071,10/04/15 06:00:00 AM,53.559,,,,
2072,10/04/15 07:00:00 AM,53.559,,,,
2073,10/04/15 08:00:00 AM,53.559,,,,
2074,10/04/15 09:00:00 AM,53.602,,,,
2075,10/04/15 10:00:00 AM,53.776,,,,
2076,10/04/15 11:00:00 AM,54.037,,,,
2077,10/04/15 12:00:00 PM,54.255,,,,
2078,10/04/15 01:00:00 PM,54.430,,,,
2079,10/04/15 02:00:00 PM,54.648,,,,
2080,10/04/15 03:00:00 PM,54.777,,,,
2081,10/04/15 04:00:00 PM,54.952,,,,
2082,10/04/15 05:00:00 PM,55.038,,,,
2083,10/04/15 06:00:00 PM,55.081,,,,
2084,10/04/15 07:00:00 PM,55.038,,,,
2085,10/04/15 08:00:00 PM,54.952,,,,
2086,10/04/15 09:00:00 PM,54.820,,,,
2087,10/04/15 10:00:00 PM,54.734,,,,
2088,10/04/15 11:00:00 PM,54.604,,,,
2089,10/05/15 12:00:00 AM,54.561,,,,
2090,10/05/15 01:00:00 AM,54.516,,,,
2091,10/05/15 02:00:00 AM,54.473,,,,
2092,10/05/15 03:00:00 AM,54.430,,,,
2093,10/05/15 04:00:00 AM,54.387,,,,
2094,10/05/15 05:00:00 AM,54.343,,,,
2095,10/05/15 06:00:00 AM,54.300,,,,
2096,10/05/15 07:00:00 AM,54.255,,,,
2097,10/05/15 08:00:00 AM,54.212,,,,
2098,10/05/15 09:00:00 AM,54.255,,,,
2099,10/05/15 10:00:00 AM,54.430,,,,
2100,10/05/15 11:00:00 AM,54.865,,,,
2101,10/05/15 12:00:00 PM,55.472,,,,
2102,10/05/15 01:00:00 PM,56.426,,,,
2103,10/05/15 02:00:00 PM,57.463,,,,
2104,10/05/15 03:00:00 PM,58.582,,,,
2105,10/05/15 04:00:00 PM,59.229,,,,
2106,10/05/15 05:00:00 PM,59.401,,,,
2107,10/05/15 06:00:00 PM,59.445,,,,
2108,10/05/15 07:00:00 PM,59.185,,,,
2109,10/05/15 08:00:00 PM,58.842,,,,
2110,10/05/15 09:00:00 PM,58.455,,,,
2111,10/05/15 10:00:00 PM,58.152,,,,
2112,10/05/15 11:00:00 PM,57.936,,,,
2113,10/06/15 12:00:00 AM,57.722,,,,
2114,10/06/15 01:00:00 AM,57.506,,,,
2115,10/06/15 02:00:00 AM,57.333,,,,
2116,10/06/15 03:00:00 AM,57.247,,,,
2117,10/06/15 04:00:00 AM,57.204,,,,
2118,10/06/15 05:00:00 AM,57.117,,,,
2119,10/06/15 06:00:00 AM,56.988,,,,
2120,10/06/15 07:00:00 AM,56.858,,,,
2121,10/06/15 08:00:00 AM,56.728,,,,
2122,10/06/15 09:00:00 AM,56.685,,,,
2123,10/06/15 10:00:00 AM,56.642,,,,
2124,10/06/15 11:00:00 AM,56.642,,,,
2125,10/06/15 12:00:00 PM,56.685,,,,
2126,10/06/15 01:00:00 PM,56.901,,,,
2127,10/06/15 02:00:00 PM,57.204,,,,
2128,10/06/15 03:00:00 PM,57.636,,,,
2129,10/06/15 04:00:00 PM,58.109,,,,
2130,10/06/15 05:00:00 PM,58.325,,,,
2131,10/06/15 06:00:00 PM,58.325,,,,
2132,10/06/15 07:00:00 PM,58.282,,,,
2133,10/06/15 08:00:00 PM,58.066,,,,
2134,10/06/15 09:00:00 PM,57.850,,,,
2135,10/06/15 10:00:00 PM,57.636,,,,
2136,10/06/15 11:00:00 PM,57.376,,,,
2137,10/07/15 12:00:00 AM,57.204,,,,
2138,10/07/15 01:00:00 AM,57.117,,,,
2139,10/07/15 02:00:00 AM,57.031,,,,
2140,10/07/15 03:00:00 AM,56.901,,,,
2141,10/07/15 04:00:00 AM,56.772,,,,
2142,10/07/15 05:00:00 AM,56.599,,,,
2143,10/07/15 06:00:00 AM,56.383,,,,
2144,10/07/15 07:00:00 AM,56.208,,,,
2145,10/07/15 08:00:00 AM,55.992,,,,
2146,10/07/15 09:00:00 AM,55.906,,,,
2147,10/07/15 10:00:00 AM,56.251,,,,
2148,10/07/15 11:00:00 AM,57.074,,,,
2149,10/07/15 12:00:00 PM,58.195,,,,
2150,10/07/15 01:00:00 PM,59.572,,,,
2151,10/07/15 02:00:00 PM,60.818,,,,
2152,10/07/15 03:00:00 PM,61.848,,,,
2153,10/07/15 04:00:00 PM,62.362,,,,
2154,10/07/15 05:00:00 PM,62.447,,,,
2155,10/07/15 06:00:00 PM,62.447,,,,
2156,10/07/15 07:00:00 PM,62.233,,,,
2157,10/07/15 08:00:00 PM,61.720,,,,
2158,10/07/15 09:00:00 PM,61.032,,,,
2159,10/07/15 10:00:00 PM,60.346,,,,
2160,10/07/15 11:00:00 PM,59.745,,,,
2161,10/08/15 12:00:00 AM,59.142,,,,
2162,10/08/15 01:00:00 AM,58.626,,,,
2163,10/08/15 02:00:00 AM,58.152,,,,
2164,10/08/15 03:00:00 AM,57.722,,,,
2165,10/08/15 04:00:00 AM,57.333,,,,
2166,10/08/15 05:00:00 AM,56.901,,,,
2167,10/08/15 06:00:00 AM,56.469,,,,
2168,10/08/15 07:00:00 AM,56.079,,,,
2169,10/08/15 08:00:00 AM,55.776,,,,
2170,10/08/15 09:00:00 AM,55.647,,,,
2171,10/08/15 10:00:00 AM,55.733,,,,
2172,10/08/15 11:00:00 AM,56.079,,,,
2173,10/08/15 12:00:00 PM,56.426,,,,
2174,10/08/15 01:00:00 PM,56.858,,,,
2175,10/08/15 02:00:00 PM,57.204,,,,
2176,10/08/15 03:00:00 PM,57.376,,,,
2177,10/08/15 04:00:00 PM,57.549,,,,
2178,10/08/15 05:00:00 PM,57.592,,,,
2179,10/08/15 06:00:00 PM,57.592,,,,
2180,10/08/15 07:00:00 PM,57.463,,,,
2181,10/08/15 08:00:00 PM,57.247,,,,
2182,10/08/15 09:00:00 PM,56.944,,,,
2183,10/08/15 10:00:00 PM,56.512,,,,
2184,10/08/15 11:00:00 PM,56.122,,,,
2185,10/09/15 12:00:00 AM,55.776,,,,
2186,10/09/15 01:00:00 AM,55.386,,,,
2187,10/09/15 02:00:00 AM,55.081,,,,
2188,10/09/15 03:00:00 AM,54.777,,,,
2189,10/09/15 04:00:00 AM,54.604,,,,
2190,10/09/15 05:00:00 AM,54.430,,,,
2191,10/09/15 06:00:00 AM,54.300,,,,
2192,10/09/15 07:00:00 AM,54.169,,,,
2193,10/09/15 08:00:00 AM,54.082,,,,
2194,10/09/15 09:00:00 AM,54.082,,,,
2195,10/09/15 10:00:00 AM,54.343,,,,
2196,10/09/15 11:00:00 AM,55.038,,,,
2197,10/09/15 12:00:00 PM,55.949,,,,
2198,10/09/15 01:00:00 PM,57.204,,,,
2199,10/09/15 02:00:00 PM,58.498,,,,
2200,10/09/15 03:00:00 PM,59.185,,,,
2201,10/09/15 04:00:00 PM,59.916,,,,
2202,10/09/15 05:00:00 PM,59.959,,,,
2203,10/09/15 06:00:00 PM,60.089,,,,
2204,10/09/15 07:00:00 PM,59.916,,,,
2205,10/09/15 08:00:00 PM,59.572,,,,
2206,10/09/15 09:00:00 PM,59.056,,,,
2207,10/09/15 10:00:00 PM,58.582,,,,
2208,10/09/15 11:00:00 PM,58.109,,,,
2209,10/10/15 12:00:00 AM,57.636,,,,
2210,10/10/15 01:00:00 AM,57.160,,,,
2211,10/10/15 02:00:00 AM,56.728,,,,
2212,10/10/15 03:00:00 AM,56.295,,,,
2213,10/10/15 04:00:00 AM,55.906,,,,
2214,10/10/15 05:00:00 AM,55.515,,,,
2215,10/10/15 06:00:00 AM,55.125,,,,
2216,10/10/15 07:00:00 AM,54.734,,,,
2217,10/10/15 08:00:00 AM,54.387,,,,
2218,10/10/15 09:00:00 AM,54.126,,,,
2219,10/10/15 10:00:00 AM,54.387,,,,
2220,10/10/15 11:00:00 AM,55.213,,,,
2221,10/10/15 12:00:00 PM,56.383,,,,
2222,10/10/15 01:00:00 PM,57.807,,,,
2223,10/10/15 02:00:00 PM,59.272,,,,
2224,10/10/15 03:00:00 PM,60.346,,,,
2225,10/10/15 04:00:00 PM,60.991,,,,
2226,10/10/15 05:00:00 PM,61.032,,,,
2227,10/10/15 06:00:00 PM,61.032,,,,
2228,10/10/15 07:00:00 PM,60.861,,,,
2229,10/10/15 08:00:00 PM,60.474,,,,
2230,10/10/15 09:00:00 PM,59.830,,,,
2231,10/10/15 10:00:00 PM,59.185,,,,
2232,10/10/15 11:00:00 PM,58.669,,,,
2233,10/11/15 12:00:00 AM,58.109,,,,
2234,10/11/15 01:00:00 AM,57.636,,,,
2235,10/11/15 02:00:00 AM,57.117,,,,
2236,10/11/15 03:00:00 AM,56.728,,,,
2237,10/11/15 04:00:00 AM,56.383,,,,
2238,10/11/15 05:00:00 AM,56.035,,,,
2239,10/11/15 06:00:00 AM,55.733,,,,
2240,10/11/15 07:00:00 AM,55.386,,,,
2241,10/11/15 08:00:00 AM,55.125,,,,
2242,10/11/15 09:00:00 AM,55.038,,,,
2243,10/11/15 10:00:00 AM,55.386,,,,
2244,10/11/15 11:00:00 AM,56.340,,,,
2245,10/11/15 12:00:00 PM,57.636,,,,
2246,10/11/15 01:00:00 PM,59.099,,,,
2247,10/11/15 02:00:00 PM,60.132,,,,
2248,10/11/15 03:00:00 PM,60.390,,,,
2249,10/11/15 04:00:00 PM,60.390,,,,
2250,10/11/15 05:00:00 PM,60.132,,,,
2251,10/11/15 06:00:00 PM,59.830,,,,
2252,10/11/15 07:00:00 PM,59.486,,,,
2253,10/11/15 08:00:00 PM,59.014,,,,
2254,10/11/15 09:00:00 PM,58.498,,,,
2255,10/11/15 10:00:00 PM,57.850,,,,
2256,10/11/15 11:00:00 PM,57.160,,,,
2257,10/12/15 12:00:00 AM,56.556,,,,
2258,10/12/15 01:00:00 AM,55.992,,,,
2259,10/12/15 02:00:00 AM,55.429,,,,
2260,10/12/15 03:00:00 AM,54.909,,,,
2261,10/12/15 04:00:00 AM,54.387,,,,
2262,10/12/15 05:00:00 AM,53.908,,,,
2263,10/12/15 06:00:00 AM,53.427,,,,
2264,10/12/15 07:00:00 AM,52.992,,,,
2265,10/12/15 08:00:00 AM,52.597,,,,
2266,10/12/15 09:00:00 AM,52.335,,,,
2267,10/12/15 10:00:00 AM,52.466,,,,
2268,10/12/15 11:00:00 AM,53.121,,,,
2269,10/12/15 12:00:00 PM,54.082,,,,
2270,10/12/15 01:00:00 PM,55.386,,,,
2271,10/12/15 02:00:00 PM,56.685,,,,
2272,10/12/15 03:00:00 PM,57.679,,,,
2273,10/12/15 04:00:00 PM,58.152,,,,
2274,10/12/15 05:00:00 PM,58.195,,,,
2275,10/12/15 06:00:00 PM,58.152,,,,
2276,10/12/15 07:00:00 PM,57.936,,,,
2277,10/12/15 08:00:00 PM,57.463,,,,
2278,10/12/15 09:00:00 PM,56.901,,,,
2279,10/12/15 10:00:00 PM,56.251,,,,
2280,10/12/15 11:00:00 PM,55.733,,,,
2281,10/13/15 12:00:00 AM,55.213,,,,
2282,10/13/15 01:00:00 AM,54.734,,,,
2283,10/13/15 02:00:00 AM,54.255,,,,
2284,10/13/15 03:00:00 AM,53.908,,,,
2285,10/13/15 04:00:00 AM,53.559,,,,
2286,10/13/15 05:00:00 AM,53.209,,,,
2287,10/13/15 06:00:00 AM,52.860,,,,
2288,10/13/15 07:00:00 AM,52.509,,,,
2289,10/13/15 08:00:00 AM,52.203,,,,
2290,10/13/15 09:00:00 AM,52.029,,,,
2291,10/13/15 10:00:00 AM,52.246,,,,
2292,10/13/15 11:00:00 AM,53.078,,,,
2293,10/13/15 12:00:00 PM,54.343,,,,
2294,10/13/15 01:00:00 PM,55.863,,,,
2295,10/13/15 02:00:00 PM,57.290,,,,
2296,10/13/15 03:00:00 PM,58.325,,,,
2297,10/13/15 04:00:00 PM,58.842,,,,
2298,10/13/15 05:00:00 PM,58.928,,,,
2299,10/13/15 06:00:00 PM,58.928,,,,
2300,10/13/15 07:00:00 PM,58.712,,,,
2301,10/13/15 08:00:00 PM,58.325,,,,
2302,10/13/15 09:00:00 PM,57.765,,,,
2303,10/13/15 10:00:00 PM,57.160,,,,
2304,10/13/15 11:00:00 PM,56.642,,,,
2305,10/14/15 12:00:00 AM,56.079,,,,
2306,10/14/15 01:00:00 AM,55.558,,,,
2307,10/14/15 02:00:00 AM,55.081,,,,
2308,10/14/15 03:00:00 AM,54.604,,,,
2309,10/14/15 04:00:00 AM,54.212,,,,
2310,10/14/15 05:00:00 AM,53.776,,,,
2311,10/14/15 06:00:00 AM,53.341,,,,
2312,10/14/15 07:00:00 AM,52.947,,,,
2313,10/14/15 08:00:00 AM,52.597,,,,
2314,10/14/15 09:00:00 AM,52.423,,,,
2315,10/14/15 10:00:00 AM,52.729,,,,
2316,10/14/15 11:00:00 AM,53.559,,,,
2317,10/14/15 12:00:00 PM,54.777,,,,
2318,10/14/15 01:00:00 PM,56.165,,,,
2319,10/14/15 02:00:00 PM,57.549,,,,
2320,10/14/15 03:00:00 PM,58.541,,,,
2321,10/14/15 04:00:00 PM,59.056,,,,
2322,10/14/15 05:00:00 PM,59.099,,,,
2323,10/14/15 06:00:00 PM,59.099,,,,
2324,10/14/15 07:00:00 PM,58.842,,,,
2325,10/14/15 08:00:00 PM,58.368,,,,
2326,10/14/15 09:00:00 PM,57.850,,,,
2327,10/14/15 10:00:00 PM,57.333,,,,
2328,10/14/15 11:00:00 PM,56.772,,,,
2329,10/15/15 12:00:00 AM,56.251,,,,
2330,10/15/15 01:00:00 AM,55.690,,,,
2331,10/15/15 02:00:00 AM,55.168,,,,
2332,10/15/15 03:00:00 AM,54.734,,,,
2333,10/15/15 04:00:00 AM,54.343,,,,
2334,10/15/15 05:00:00 AM,53.908,,,,
2335,10/15/15 06:00:00 AM,53.472,,,,
2336,10/15/15 07:00:00 AM,53.078,,,,
2337,10/15/15 08:00:00 AM,52.686,,,,
2338,10/15/15 09:00:00 AM,52.509,,,,
2339,10/15/15 10:00:00 AM,52.686,,,,
2340,10/15/15 11:00:00 AM,53.384,,,,
2341,10/15/15 12:00:00 PM,54.473,,,,
2342,10/15/15 01:00:00 PM,55.690,,,,
2343,10/15/15 02:00:00 PM,56.901,,,,
2344,10/15/15 03:00:00 PM,57.807,,,,
2345,10/15/15 04:00:00 PM,58.152,,,,
2346,10/15/15 05:00:00 PM,58.023,,,,
2347,10/15/15 06:00:00 PM,57.765,,,,
2348,10/15/15 07:00:00 PM,57.420,,,,
2349,10/15/15 08:00:00 PM,56.858,,,,
2350,10/15/15 09:00:00 PM,56.295,,,,
2351,10/15/15 10:00:00 PM,55.690,,,,
2352,10/15/15 11:00:00 PM,55.081,,,,
2353,10/16/15 12:00:00 AM,54.516,,,,
2354,10/16/15 01:00:00 AM,53.908,,,,
2355,10/16/15 02:00:00 AM,53.341,,,,
2356,10/16/15 03:00:00 AM,52.903,,,,
2357,10/16/15 04:00:00 AM,52.509,,,,
2358,10/16/15 05:00:00 AM,52.029,,,,
2359,10/16/15 06:00:00 AM,51.633,,,,
2360,10/16/15 07:00:00 AM,51.193,,,,
2361,10/16/15 08:00:00 AM,50.752,,,,
2362,10/16/15 09:00:00 AM,50.488,,,,
2363,10/16/15 10:00:00 AM,50.621,,,,
2364,10/16/15 11:00:00 AM,51.282,,,,
2365,10/16/15 12:00:00 PM,52.335,,,,
2366,10/16/15 01:00:00 PM,53.645,,,,
2367,10/16/15 02:00:00 PM,54.952,,,,
2368,10/16/15 03:00:00 PM,55.949,,,,
2369,10/16/15 04:00:00 PM,56.383,,,,
2370,10/16/15 05:00:00 PM,56.426,,,,
2371,10/16/15 06:00:00 PM,56.469,,,,
2372,10/16/15 07:00:00 PM,56.340,,,,
2373,10/16/15 08:00:00 PM,55.992,,,,
2374,10/16/15 09:00:00 PM,55.558,,,,
2375,10/16/15 10:00:00 PM,55.125,,,,
2376,10/16/15 11:00:00 PM,54.648,,,,
2377,10/17/15 12:00:00 AM,54.126,,,,
2378,10/17/15 01:00:00 AM,53.559,,,,
2379,10/17/15 02:00:00 AM,53.035,,,,
2380,10/17/15 03:00:00 AM,52.597,,,,
2381,10/17/15 04:00:00 AM,52.246,,,,
2382,10/17/15 05:00:00 AM,51.852,,,,
2383,10/17/15 06:00:00 AM,51.458,,,,
2384,10/17/15 07:00:00 AM,51.105,,,,
2385,10/17/15 08:00:00 AM,50.709,,,,
2386,10/17/15 09:00:00 AM,50.488,,,,
2387,10/17/15 10:00:00 AM,50.709,,,,
2388,10/17/15 11:00:00 AM,51.458,,,,
2389,10/17/15 12:00:00 PM,52.597,,,,
2390,10/17/15 01:00:00 PM,53.908,,,,
2391,10/17/15 02:00:00 PM,55.256,,,,
2392,10/17/15 03:00:00 PM,56.208,,,,
2393,10/17/15 04:00:00 PM,56.728,,,,
2394,10/17/15 05:00:00 PM,56.858,,,,
2395,10/17/15 06:00:00 PM,56.858,,,,
2396,10/17/15 07:00:00 PM,56.728,,,,
2397,10/17/15 08:00:00 PM,56.426,,,,
2398,10/17/15 09:00:00 PM,55.992,,,,
2399,10/17/15 10:00:00 PM,55.558,,,,
2400,10/17/15 11:00:00 PM,55.125,,,,
2401,10/18/15 12:00:00 AM,54.734,,,,
2402,10/18/15 01:00:00 AM,54.255,,,,
2403,10/18/15 02:00:00 AM,53.908,,,,
2404,10/18/15 03:00:00 AM,53.559,,,,
2405,10/18/15 04:00:00 AM,53.166,,,,
2406,10/18/15 05:00:00 AM,52.860,,,,
2407,10/18/15 06:00:00 AM,52.554,,,,
2408,10/18/15 07:00:00 AM,52.291,,,,
2409,10/18/15 08:00:00 AM,52.029,,,,
2410,10/18/15 09:00:00 AM,51.852,,,,
2411,10/18/15 10:00:00 AM,52.072,,,,
2412,10/18/15 11:00:00 AM,52.772,,,,
2413,10/18/15 12:00:00 PM,53.776,,,,
2414,10/18/15 01:00:00 PM,55.168,,,,
2415,10/18/15 02:00:00 PM,56.512,,,,
2416,10/18/15 03:00:00 PM,57.463,,,,
2417,10/18/15 04:00:00 PM,58.023,,,,
2418,10/18/15 05:00:00 PM,58.239,,,,
2419,10/18/15 06:00:00 PM,58.368,,,,
2420,10/18/15 07:00:00 PM,58.325,,,,
2421,10/18/15 08:00:00 PM,58.066,,,,
2422,10/18/15 09:00:00 PM,57.850,,,,
2423,10/18/15 10:00:00 PM,57.549,,,,
2424,10/18/15 11:00:00 PM,57.333,,,,
2425,10/19/15 12:00:00 AM,56.988,,,,
2426,10/19/15 01:00:00 AM,56.556,,,,
2427,10/19/15 02:00:00 AM,56.165,,,,
2428,10/19/15 03:00:00 AM,55.776,,,,
2429,10/19/15 04:00:00 AM,55.429,,,,
2430,10/19/15 05:00:00 AM,55.081,,,,
2431,10/19/15 06:00:00 AM,54.820,,,,
2432,10/19/15 07:00:00 AM,54.516,,,,
2433,10/19/15 08:00:00 AM,54.300,,,,
2434,10/19/15 09:00:00 AM,54.169,,,,
2435,10/19/15 10:00:00 AM,54.473,,,,
2436,10/19/15 11:00:00 AM,55.125,,,,
2437,10/19/15 12:00:00 PM,56.295,,,,
2438,10/19/15 01:00:00 PM,57.204,,,,
2439,10/19/15 02:00:00 PM,58.498,,,,
2440,10/19/15 03:00:00 PM,59.056,,,,
2441,10/19/15 04:00:00 PM,59.401,,,,
2442,10/19/15 05:00:00 PM,59.616,,,,
2443,10/19/15 06:00:00 PM,59.572,,,,
2444,10/19/15 07:00:00 PM,59.315,,,,
2445,10/19/15 08:00:00 PM,58.971,,,,
2446,10/19/15 09:00:00 PM,58.582,,,,
2447,10/19/15 10:00:00 PM,58.195,,,,
2448,10/19/15 11:00:00 PM,57.679,,,,
2449,10/20/15 12:00:00 AM,57.160,,,,
2450,10/20/15 01:00:00 AM,56.599,,,,
2451,10/20/15 02:00:00 AM,56.122,,,,
2452,10/20/15 03:00:00 AM,55.647,,,,
2453,10/20/15 04:00:00 AM,55.168,,,,
2454,10/20/15 05:00:00 AM,54.734,,,,
2455,10/20/15 06:00:00 AM,54.300,,,,
2456,10/20/15 07:00:00 AM,53.865,,,,
2457,10/20/15 08:00:00 AM,53.472,,,,
2458,10/20/15 09:00:00 AM,53.427,,,,
2459,10/20/15 10:00:00 AM,53.645,,,,
2460,10/20/15 11:00:00 AM,54.126,,,,
2461,10/20/15 12:00:00 PM,54.777,,,,
2462,10/20/15 01:00:00 PM,55.690,,,,
2463,10/20/15 02:00:00 PM,56.251,,,,
2464,10/20/15 03:00:00 PM,57.204,,,,
2465,10/20/15 04:00:00 PM,57.722,,,,
2466,10/20/15 05:00:00 PM,57.979,,,,
2467,10/20/15 06:00:00 PM,57.936,,,,
2468,10/20/15 07:00:00 PM,57.679,,,,
2469,10/20/15 08:00:00 PM,57.376,,,,
2470,10/20/15 09:00:00 PM,57.074,,,,
2471,10/20/15 10:00:00 PM,56.772,,,,
2472,10/20/15 11:00:00 PM,56.426,,,,
2473,10/21/15 12:00:00 AM,56.165,,,,
2474,10/21/15 01:00:00 AM,55.906,,,,
2475,10/21/15 02:00:00 AM,55.647,,,,
2476,10/21/15 03:00:00 AM,55.386,,,,
2477,10/21/15 04:00:00 AM,55.213,,,,
2478,10/21/15 05:00:00 AM,54.952,,,,
2479,10/21/15 06:00:00 AM,54.777,,,,
2480,10/21/15 07:00:00 AM,54.604,,,,
2481,10/21/15 08:00:00 AM,54.473,,,,
2482,10/21/15 09:00:00 AM,54.387,,,,
2483,10/21/15 10:00:00 AM,54.387,,,,
2484,10/21/15 11:00:00 AM,54.473,,,,
2485,10/21/15 12:00:00 PM,54.691,,,,
2486,10/21/15 01:00:00 PM,55.038,,,,
2487,10/21/15 02:00:00 PM,55.386,,,,
2488,10/21/15 03:00:00 PM,55.647,,,,
2489,10/21/15 04:00:00 PM,55.819,,,,
2490,10/21/15 05:00:00 PM,55.819,,,,
2491,10/21/15 06:00:00 PM,55.690,,,,
2492,10/21/15 07:00:00 PM,55.472,,,,
2493,10/21/15 08:00:00 PM,55.299,,,,
2494,10/21/15 09:00:00 PM,55.081,,,,
2495,10/21/15 10:00:00 PM,54.820,,,,
2496,10/21/15 11:00:00 PM,54.648,,,,
2497,10/22/15 12:00:00 AM,54.473,,,,
2498,10/22/15 01:00:00 AM,54.300,,,,
2499,10/22/15 02:00:00 AM,54.037,,,,
2500,10/22/15 03:00:00 AM,53.908,,,,
2501,10/22/15 04:00:00 AM,53.776,,,,
2502,10/22/15 05:00:00 AM,53.645,,,,
2503,10/22/15 06:00:00 AM,53.559,,,,
2504,10/22/15 07:00:00 AM,53.472,,,,
2505,10/22/15 08:00:00 AM,53.384,,,,
2506,10/22/15 09:00:00 AM,53.341,,,,
2507,10/22/15 10:00:00 AM,53.384,,,,
2508,10/22/15 11:00:00 AM,53.427,,,,
2509,10/22/15 12:00:00 PM,53.384,,,,
2510,10/22/15 01:00:00 PM,53.384,,,,
2511,10/22/15 02:00:00 PM,53.298,,,,
2512,10/22/15 03:00:00 PM,53.341,,,,
2513,10/22/15 04:00:00 PM,53.298,,,,
2514,10/22/15 05:00:00 PM,53.253,,,,
2515,10/22/15 06:00:00 PM,53.166,,,,
2516,10/22/15 07:00:00 PM,52.992,,,,
2517,10/22/15 08:00:00 PM,52.860,,,,
2518,10/22/15 09:00:00 PM,52.729,,,,
2519,10/22/15 10:00:00 PM,52.686,,,,
2520,10/22/15 11:00:00 PM,52.686,,,,
2521,10/23/15 12:00:00 AM,52.641,,,,
2522,10/23/15 01:00:00 AM,52.597,,,,
2523,10/23/15 02:00:00 AM,52.554,,,,
2524,10/23/15 03:00:00 AM,52.509,,,,
2525,10/23/15 04:00:00 AM,52.423,,,,
2526,10/23/15 05:00:00 AM,52.378,,,,
2527,10/23/15 06:00:00 AM,52.291,,,,
2528,10/23/15 07:00:00 AM,52.072,,,,
2529,10/23/15 08:00:00 AM,51.852,,,,
2530,10/23/15 09:00:00 AM,51.764,,,,
2531,10/23/15 10:00:00 AM,51.984,,,,
2532,10/23/15 11:00:00 AM,52.335,,,,
2533,10/23/15 12:00:00 PM,52.903,,,,
2534,10/23/15 01:00:00 PM,53.733,,,,
2535,10/23/15 02:00:00 PM,54.691,,,,
2536,10/23/15 03:00:00 PM,55.386,,,,
2537,10/23/15 04:00:00 PM,55.429,,,,
2538,10/23/15 05:00:00 PM,54.995,,,,
2539,10/23/15 06:00:00 PM,54.561,,,,
2540,10/23/15 07:00:00 PM,54.082,,,,
2541,10/23/15 08:00:00 PM,53.384,,,,
2542,10/23/15 09:00:00 PM,52.860,,,,
2543,10/23/15 10:00:00 PM,52.423,,,,
2544,10/23/15 11:00:00 PM,51.984,,,,
2545,10/24/15 12:00:00 AM,51.544,,,,
2546,10/24/15 01:00:00 AM,51.105,,,,
2547,10/24/15 02:00:00 AM,50.621,,,,
2548,10/24/15 03:00:00 AM,50.180,,,,
2549,10/24/15 04:00:00 AM,49.782,,,,
2550,10/24/15 05:00:00 AM,49.428,,,,
2551,10/24/15 06:00:00 AM,49.073,,,,
2552,10/24/15 07:00:00 AM,48.762,,,,
2553,10/24/15 08:00:00 AM,48.493,,,,
2554,10/24/15 09:00:00 AM,48.315,,,,
2555,10/24/15 10:00:00 AM,48.538,,,,
2556,10/24/15 11:00:00 AM,49.338,,,,
2557,10/24/15 12:00:00 PM,50.576,,,,
2558,10/24/15 01:00:00 PM,52.029,,,,
2559,10/24/15 02:00:00 PM,53.384,,,,
2560,10/24/15 03:00:00 PM,54.300,,,,
2561,10/24/15 04:00:00 PM,54.604,,,,
2562,10/24/15 05:00:00 PM,54.473,,,,
2563,10/24/15 06:00:00 PM,54.255,,,,
2564,10/24/15 07:00:00 PM,53.951,,,,
2565,10/24/15 08:00:00 PM,53.515,,,,
2566,10/24/15 09:00:00 PM,52.992,,,,
2567,10/24/15 10:00:00 PM,52.597,,,,
2568,10/24/15 11:00:00 PM,52.160,,,,
2569,10/25/15 12:00:00 AM,51.764,,,,
2570,10/25/15 01:00:00 AM,51.370,,,,
2571,10/25/15 02:00:00 AM,50.929,,,,
2572,10/25/15 03:00:00 AM,50.576,,,,
2573,10/25/15 04:00:00 AM,50.223,,,,
2574,10/25/15 05:00:00 AM,49.870,,,,
2575,10/25/15 06:00:00 AM,49.561,,,,
2576,10/25/15 07:00:00 AM,49.249,,,,
2577,10/25/15 08:00:00 AM,49.028,,,,
2578,10/25/15 09:00:00 AM,48.938,,,,
2579,10/25/15 10:00:00 AM,49.073,,,,
2580,10/25/15 11:00:00 AM,49.870,,,,
2581,10/25/15 12:00:00 PM,51.017,,,,
2582,10/25/15 01:00:00 PM,52.554,,,,
2583,10/25/15 02:00:00 PM,53.820,,,,
2584,10/25/15 03:00:00 PM,54.648,,,,
2585,10/25/15 04:00:00 PM,54.952,,,,
2586,10/25/15 05:00:00 PM,55.038,,,,
2587,10/25/15 06:00:00 PM,54.952,,,,
2588,10/25/15 07:00:00 PM,54.561,,,,
2589,10/25/15 08:00:00 PM,54.300,,,,
2590,10/25/15 09:00:00 PM,53.994,,,,
2591,10/25/15 10:00:00 PM,53.733,,,,
2592,10/25/15 11:00:00 PM,53.384,,,,
2593,10/26/15 12:00:00 AM,53.035,,,,
2594,10/26/15 01:00:00 AM,52.729,,,,
2595,10/26/15 02:00:00 AM,52.509,,,,
2596,10/26/15 03:00:00 AM,52.335,,,,
2597,10/26/15 04:00:00 AM,52.246,,,,
2598,10/26/15 05:00:00 AM,52.160,,,,
2599,10/26/15 06:00:00 AM,52.072,,,,
2600,10/26/15 07:00:00 AM,51.940,,,,
2601,10/26/15 08:00:00 AM,51.809,,,,
2602,10/26/15 09:00:00 AM,51.764,,,,
2603,10/26/15 10:00:00 AM,51.809,,,,
2604,10/26/15 11:00:00 AM,51.984,,,,
2605,10/26/15 12:00:00 PM,52.509,,,,
2606,10/26/15 01:00:00 PM,53.035,,,,
2607,10/26/15 02:00:00 PM,53.384,,,,
2608,10/26/15 03:00:00 PM,54.169,,,,
2609,10/26/15 04:00:00 PM,54.473,,,,
2610,10/26/15 05:00:00 PM,54.430,,,,
2611,10/26/15 06:00:00 PM,54.300,,,,
2612,10/26/15 07:00:00 PM,54.037,,,,
2613,10/26/15 08:00:00 PM,53.690,,,,
2614,10/26/15 09:00:00 PM,53.341,,,,
2615,10/26/15 10:00:00 PM,52.992,,,,
2616,10/26/15 11:00:00 PM,52.686,,,,
2617,10/27/15 12:00:00 AM,52.378,,,,
2618,10/27/15 01:00:00 AM,51.984,,,,
2619,10/27/15 02:00:00 AM,51.589,,,,
2620,10/27/15 03:00:00 AM,51.148,,,,
2621,10/27/15 04:00:00 AM,50.752,,,,
2622,10/27/15 05:00:00 AM,50.445,,,,
2623,10/27/15 06:00:00 AM,50.268,,,,
2624,10/27/15 07:00:00 AM,50.180,,,,
2625,10/27/15 08:00:00 AM,49.959,,,,
2626,10/27/15 09:00:00 AM,50.047,,,,
2627,10/27/15 10:00:00 AM,50.356,,,,
2628,10/27/15 11:00:00 AM,50.664,,,,
2629,10/27/15 12:00:00 PM,51.193,,,,
2630,10/27/15 01:00:00 PM,52.423,,,,
2631,10/27/15 02:00:00 PM,53.035,,,,
2632,10/27/15 03:00:00 PM,53.515,,,,
2633,10/27/15 04:00:00 PM,53.690,,,,
2634,10/27/15 05:00:00 PM,53.341,,,,
2635,10/27/15 06:00:00 PM,52.903,,,,
2636,10/27/15 07:00:00 PM,52.378,,,,
2637,10/27/15 08:00:00 PM,51.940,,,,
2638,10/27/15 09:00:00 PM,51.678,,,,
2639,10/27/15 10:00:00 PM,51.458,,,,
2640,10/27/15 11:00:00 PM,51.193,,,,
2641,10/28/15 12:00:00 AM,50.974,,,,
2642,10/28/15 01:00:00 AM,50.841,,,,
2643,10/28/15 02:00:00 AM,50.709,,,,
2644,10/28/15 03:00:00 AM,50.533,,,,
2645,10/28/15 04:00:00 AM,50.268,,,,
2646,10/28/15 05:00:00 AM,50.002,,,,
2647,10/28/15 06:00:00 AM,49.737,,,,
2648,10/28/15 07:00:00 AM,49.471,,,,
2649,10/28/15 08:00:00 AM,49.161,,,,
2650,10/28/15 09:00:00 AM,48.938,,,,
2651,10/28/15 10:00:00 AM,49.028,,,,
2652,10/28/15 11:00:00 AM,49.604,,,,
2653,10/28/15 12:00:00 PM,50.576,,,,
2654,10/28/15 01:00:00 PM,51.764,,,,
2655,10/28/15 02:00:00 PM,52.992,,,,
2656,10/28/15 03:00:00 PM,53.733,,,,
2657,10/28/15 04:00:00 PM,53.820,,,,
2658,10/28/15 05:00:00 PM,53.602,,,,
2659,10/28/15 06:00:00 PM,53.253,,,,
2660,10/28/15 07:00:00 PM,52.772,,,,
2661,10/28/15 08:00:00 PM,52.160,,,,
2662,10/28/15 09:00:00 PM,51.544,,,,
2663,10/28/15 10:00:00 PM,51.062,,,,
2664,10/28/15 11:00:00 PM,50.664,,,,
2665,10/29/15 12:00:00 AM,50.311,,,,
2666,10/29/15 01:00:00 AM,49.959,,,,
2667,10/29/15 02:00:00 AM,49.604,,,,
2668,10/29/15 03:00:00 AM,49.249,,,,
2669,10/29/15 04:00:00 AM,48.895,,,,
2670,10/29/15 05:00:00 AM,48.538,,,,
2671,10/29/15 06:00:00 AM,48.182,,,,
2672,10/29/15 07:00:00 AM,47.826,,,,
2673,10/29/15 08:00:00 AM,47.557,,,,
2674,10/29/15 09:00:00 AM,47.377,,,,
2675,10/29/15 10:00:00 AM,47.512,,,,
2676,10/29/15 11:00:00 AM,48.137,,,,
2677,10/29/15 12:00:00 PM,48.850,,,,
2678,10/29/15 01:00:00 PM,49.959,,,,
2679,10/29/15 02:00:00 PM,51.148,,,,
2680,10/29/15 03:00:00 PM,52.115,,,,
2681,10/29/15 04:00:00 PM,52.554,,,,
2682,10/29/15 05:00:00 PM,52.641,,,,
2683,10/29/15 06:00:00 PM,52.554,,,,
2684,10/29/15 07:00:00 PM,52.291,,,,
2685,10/29/15 08:00:00 PM,51.940,,,,
2686,10/29/15 09:00:00 PM,51.589,,,,
2687,10/29/15 10:00:00 PM,51.282,,,,
2688,10/29/15 11:00:00 PM,51.105,,,,
2689,10/30/15 12:00:00 AM,50.886,,,,
2690,10/30/15 01:00:00 AM,50.621,,,,
2691,10/30/15 02:00:00 AM,50.400,,,,
2692,10/30/15 03:00:00 AM,50.135,,,,
2693,10/30/15 04:00:00 AM,49.959,,,,
2694,10/30/15 05:00:00 AM,49.692,,,,
2695,10/30/15 06:00:00 AM,49.428,,,,
2696,10/30/15 07:00:00 AM,49.428,,,,
2697,10/30/15 08:00:00 AM,49.338,,,,
2698,10/30/15 09:00:00 AM,49.383,,,,
2699,10/30/15 10:00:00 AM,49.561,,,,
2700,10/30/15 11:00:00 AM,50.180,,,,
2701,10/30/15 12:00:00 PM,51.105,,,,
2702,10/30/15 01:00:00 PM,52.291,,,,
2703,10/30/15 02:00:00 PM,53.209,,,,
2704,10/30/15 03:00:00 PM,54.169,,,,
2705,10/30/15 04:00:00 PM,54.343,,,,
2706,10/30/15 05:00:00 PM,54.126,,,,
2707,10/30/15 06:00:00 PM,53.820,,,,
2708,10/30/15 07:00:00 PM,53.341,,,,
2709,10/30/15 08:00:00 PM,52.772,,,,
2710,10/30/15 09:00:00 PM,52.203,,,,
2711,10/30/15 10:00:00 PM,51.633,,,,
2712,10/30/15 11:00:00 PM,51.193,,,,
2713,10/31/15 12:00:00 AM,50.841,,,,
2714,10/31/15 01:00:00 AM,50.576,,,,
2715,10/31/15 02:00:00 AM,50.311,,,,
2716,10/31/15 03:00:00 AM,50.135,,,,
2717,10/31/15 04:00:00 AM,49.959,,,,
2718,10/31/15 05:00:00 AM,49.737,,,,
2719,10/31/15 06:00:00 AM,49.561,,,,
2720,10/31/15 07:00:00 AM,49.338,,,,
2721,10/31/15 08:00:00 AM,49.204,,,,
2722,10/31/15 09:00:00 AM,49.116,,,,
2723,10/31/15 10:00:00 AM,49.294,,,,
2724,10/31/15 11:00:00 AM,49.914,,,,
2725,10/31/15 12:00:00 PM,51.017,,,,
2726,10/31/15 01:00:00 PM,52.246,,,,
2727,10/31/15 02:00:00 PM,53.559,,,,
2728,10/31/15 03:00:00 PM,54.561,,,,
2729,10/31/15 04:00:00 PM,54.865,,,,
2730,10/31/15 05:00:00 PM,54.777,,,,
2731,10/31/15 06:00:00 PM,54.648,,,,
2732,10/31/15 07:00:00 PM,54.387,,,,
2733,10/31/15 08:00:00 PM,53.951,,,,
2734,10/31/15 09:00:00 PM,53.515,,,,
2735,10/31/15 10:00:00 PM,53.121,,,,
2736,10/31/15 11:00:00 PM,52.772,,,,
2737,11/01/15 12:00:00 AM,52.509,,,,
2738,11/01/15 01:00:00 AM,52.246,,,,
2739,11/01/15 02:00:00 AM,52.072,,,,
2740,11/01/15 03:00:00 AM,51.984,,,,
2741,11/01/15 04:00:00 AM,51.852,,,,
2742,11/01/15 05:00:00 AM,51.678,,,,
2743,11/01/15 06:00:00 AM,51.544,,,,
2744,11/01/15 07:00:00 AM,51.325,,,,
2745,11/01/15 08:00:00 AM,51.105,,,,
2746,11/01/15 09:00:00 AM,51.148,,,,
2747,11/01/15 10:00:00 AM,51.325,,,,
2748,11/01/15 11:00:00 AM,51.764,,,,
2749,11/01/15 12:00:00 PM,52.423,,,,
2750,11/01/15 01:00:00 PM,53.427,,,,
2751,11/01/15 02:00:00 PM,54.387,,,,
2752,11/01/15 03:00:00 PM,54.865,,,,
2753,11/01/15 04:00:00 PM,55.125,,,,
2754,11/01/15 05:00:00 PM,55.213,,,,
2755,11/01/15 06:00:00 PM,55.125,,,,
2756,11/01/15 07:00:00 PM,54.691,,,,
2757,11/01/15 08:00:00 PM,54.300,,,,
2758,11/01/15 09:00:00 PM,53.908,,,,
2759,11/01/15 10:00:00 PM,53.515,,,,
2760,11/01/15 11:00:00 PM,53.121,,,,
2761,11/02/15 12:00:00 AM,52.772,,,,
2762,11/02/15 01:00:00 AM,52.466,,,,
2763,11/02/15 02:00:00 AM,52.160,,,,
2764,11/02/15 03:00:00 AM,51.984,,,,
2765,11/02/15 04:00:00 AM,51.721,,,,
2766,11/02/15 05:00:00 AM,51.413,,,,
2767,11/02/15 06:00:00 AM,51.105,,,,
2768,11/02/15 07:00:00 AM,50.886,,,,
2769,11/02/15 08:00:00 AM,50.664,,,,
2770,11/02/15 09:00:00 AM,50.621,,,,
2771,11/02/15 10:00:00 AM,50.797,,,,
2772,11/02/15 11:00:00 AM,51.148,,,,
2773,11/02/15 12:00:00 PM,51.589,,,,
2774,11/02/15 01:00:00 PM,52.335,,,,
2775,11/02/15 02:00:00 PM,53.427,,,,
2776,11/02/15 03:00:00 PM,54.387,,,,
2777,11/02/15 04:00:00 PM,54.691,,,,
2778,11/02/15 05:00:00 PM,54.691,,,,
2779,11/02/15 06:00:00 PM,54.648,,,,
2780,11/02/15 07:00:00 PM,54.300,,,,
2781,11/02/15 08:00:00 PM,53.820,,,,
2782,11/02/15 09:00:00 PM,53.253,,,,
2783,11/02/15 10:00:00 PM,52.903,,,,
2784,11/02/15 11:00:00 PM,52.597,,,,
2785,11/03/15 12:00:00 AM,52.203,,,,
2786,11/03/15 01:00:00 AM,51.809,,,,
2787,11/03/15 02:00:00 AM,51.413,,,,
2788,11/03/15 03:00:00 AM,51.017,,,,
2789,11/03/15 04:00:00 AM,50.621,,,,
2790,11/03/15 05:00:00 AM,50.268,,,,
2791,11/03/15 06:00:00 AM,49.914,,,,
2792,11/03/15 07:00:00 AM,49.561,,,,
2793,11/03/15 08:00:00 AM,49.204,,,,
2794,11/03/15 09:00:00 AM,48.983,,,,
2795,11/03/15 10:00:00 AM,48.983,,,,
2796,11/03/15 11:00:00 AM,49.649,,,,
2797,11/03/15 12:00:00 PM,50.797,,,,
2798,11/03/15 01:00:00 PM,52.246,,,,
2799,11/03/15 02:00:00 PM,53.645,,,,
2800,11/03/15 03:00:00 PM,54.604,,,,
2801,11/03/15 04:00:00 PM,54.909,,,,
2802,11/03/15 05:00:00 PM,54.865,,,,
2803,11/03/15 06:00:00 PM,54.691,,,,
2804,11/03/15 07:00:00 PM,54.343,,,,
2805,11/03/15 08:00:00 PM,53.865,,,,
2806,11/03/15 09:00:00 PM,53.384,,,,
2807,11/03/15 10:00:00 PM,52.947,,,,
2808,11/03/15 11:00:00 PM,52.554,,,,
2809,11/04/15 12:00:00 AM,52.160,,,,
2810,11/04/15 01:00:00 AM,51.809,,,,
2811,11/04/15 02:00:00 AM,51.370,,,,
2812,11/04/15 03:00:00 AM,51.017,,,,
2813,11/04/15 04:00:00 AM,50.752,,,,
2814,11/04/15 05:00:00 AM,50.445,,,,
2815,11/04/15 06:00:00 AM,50.223,,,,
2816,11/04/15 07:00:00 AM,49.870,,,,
2817,11/04/15 08:00:00 AM,49.604,,,,
2818,11/04/15 09:00:00 AM,49.471,,,,
2819,11/04/15 10:00:00 AM,49.561,,,,
2820,11/04/15 11:00:00 AM,50.135,,,,
2821,11/04/15 12:00:00 PM,51.193,,,,
2822,11/04/15 01:00:00 PM,52.509,,,,
2823,11/04/15 02:00:00 PM,53.733,,,,
2824,11/04/15 03:00:00 PM,54.604,,,,
2825,11/04/15 04:00:00 PM,54.777,,,,
2826,11/04/15 05:00:00 PM,54.648,,,,
2827,11/04/15 06:00:00 PM,54.473,,,,
2828,11/04/15 07:00:00 PM,54.126,,,,
2829,11/04/15 08:00:00 PM,53.733,,,,
2830,11/04/15 09:00:00 PM,53.341,,,,
2831,11/04/15 10:00:00 PM,52.992,,,,
2832,11/04/15 11:00:00 PM,52.686,,,,
2833,11/05/15 12:00:00 AM,52.423,,,,
2834,11/05/15 01:00:00 AM,52.160,,,,
2835,11/05/15 02:00:00 AM,51.895,,,,
2836,11/05/15 03:00:00 AM,51.633,,,,
2837,11/05/15 04:00:00 AM,51.193,,,,
2838,11/05/15 05:00:00 AM,50.797,,,,
2839,11/05/15 06:00:00 AM,50.488,,,,
2840,11/05/15 07:00:00 AM,50.180,,,,
2841,11/05/15 08:00:00 AM,49.825,,,,
2842,11/05/15 09:00:00 AM,49.604,,,,
2843,11/05/15 10:00:00 AM,49.471,,,,
2844,11/05/15 11:00:00 AM,49.692,,,,
2845,11/05/15 12:00:00 PM,50.268,,,,
2846,11/05/15 01:00:00 PM,51.148,,,,
2847,11/05/15 02:00:00 PM,51.809,,,,
2848,11/05/15 03:00:00 PM,52.291,,,,
2849,11/05/15 04:00:00 PM,52.246,,,,
2850,11/05/15 05:00:00 PM,52.029,,,,
2851,11/05/15 06:00:00 PM,51.633,,,,
2852,11/05/15 07:00:00 PM,51.282,,,,
2853,11/05/15 08:00:00 PM,50.929,,,,
2854,11/05/15 09:00:00 PM,50.621,,,,
2855,11/05/15 10:00:00 PM,50.311,,,,
2856,11/05/15 11:00:00 PM,50.002,,,,
2857,11/06/15 12:00:00 AM,49.692,,,,
2858,11/06/15 01:00:00 AM,49.428,,,,
2859,11/06/15 02:00:00 AM,49.161,,,,
2860,11/06/15 03:00:00 AM,48.938,,,,
2861,11/06/15 04:00:00 AM,48.762,,,,
2862,11/06/15 05:00:00 AM,48.628,,,,
2863,11/06/15 06:00:00 AM,48.538,,,,
2864,11/06/15 07:00:00 AM,48.450,,,,
2865,11/06/15 08:00:00 AM,48.405,,,,
2866,11/06/15 09:00:00 AM,48.405,,,,
2867,11/06/15 10:00:00 AM,48.450,,,,
2868,11/06/15 11:00:00 AM,48.628,,,,
2869,11/06/15 12:00:00 PM,48.895,,,,
2870,11/06/15 01:00:00 PM,49.249,,,,
2871,11/06/15 02:00:00 PM,49.692,,,,
2872,11/06/15 03:00:00 PM,50.268,,,,
2873,11/06/15 04:00:00 PM,50.445,,,,
2874,11/06/15 05:00:00 PM,50.311,,,,
2875,11/06/15 06:00:00 PM,50.180,,,,
2876,11/06/15 07:00:00 PM,49.870,,,,
2877,11/06/15 08:00:00 PM,49.428,,,,
2878,11/06/15 09:00:00 PM,48.938,,,,
2879,11/06/15 10:00:00 PM,48.493,,,,
2880,11/06/15 11:00:00 PM,48.094,,,,
2881,11/07/15 12:00:00 AM,47.736,,,,
2882,11/07/15 01:00:00 AM,47.377,,,,
2883,11/07/15 02:00:00 AM,47.019,,,,
2884,11/07/15 03:00:00 AM,46.661,,,,
2885,11/07/15 04:00:00 AM,46.346,,,,
2886,11/07/15 05:00:00 AM,46.031,,,,
2887,11/07/15 06:00:00 AM,45.714,,,,
2888,11/07/15 07:00:00 AM,45.444,,,,
2889,11/07/15 08:00:00 AM,45.217,,,,
2890,11/07/15 09:00:00 AM,44.991,,,,
2891,11/07/15 10:00:00 AM,45.036,,,,
2892,11/07/15 11:00:00 AM,45.669,,,,
2893,11/07/15 12:00:00 PM,46.796,,,,
2894,11/07/15 01:00:00 PM,48.094,,,,
2895,11/07/15 02:00:00 PM,49.383,,,,
2896,11/07/15 03:00:00 PM,50.268,,,,
2897,11/07/15 04:00:00 PM,50.488,,,,
2898,11/07/15 05:00:00 PM,50.445,,,,
2899,11/07/15 06:00:00 PM,50.311,,,,
2900,11/07/15 07:00:00 PM,50.002,,,,
2901,11/07/15 08:00:00 PM,49.516,,,,
2902,11/07/15 09:00:00 PM,49.073,,,,
2903,11/07/15 10:00:00 PM,48.628,,,,
2904,11/07/15 11:00:00 PM,48.272,,,,
2905,11/08/15 12:00:00 AM,47.914,,,,
2906,11/08/15 01:00:00 AM,47.557,,,,
2907,11/08/15 02:00:00 AM,47.154,,,,
2908,11/08/15 03:00:00 AM,46.841,,,,
2909,11/08/15 04:00:00 AM,46.526,,,,
2910,11/08/15 05:00:00 AM,46.301,,,,
2911,11/08/15 06:00:00 AM,45.986,,,,
2912,11/08/15 07:00:00 AM,45.761,,,,
2913,11/08/15 08:00:00 AM,45.489,,,,
2914,11/08/15 09:00:00 AM,45.307,,,,
2915,11/08/15 10:00:00 AM,45.354,,,,
2916,11/08/15 11:00:00 AM,45.986,,,,
2917,11/08/15 12:00:00 PM,47.109,,,,
2918,11/08/15 01:00:00 PM,48.450,,,,
2919,11/08/15 02:00:00 PM,49.825,,,,
2920,11/08/15 03:00:00 PM,50.797,,,,
2921,11/08/15 04:00:00 PM,51.105,,,,
2922,11/08/15 05:00:00 PM,51.148,,,,
2923,11/08/15 06:00:00 PM,51.062,,,,
2924,11/08/15 07:00:00 PM,50.752,,,,
2925,11/08/15 08:00:00 PM,50.268,,,,
2926,11/08/15 09:00:00 PM,49.737,,,,
2927,11/08/15 10:00:00 PM,49.249,,,,
2928,11/08/15 11:00:00 PM,48.805,,,,
2929,11/09/15 12:00:00 AM,48.315,,,,
2930,11/09/15 01:00:00 AM,47.871,,,,
2931,11/09/15 02:00:00 AM,47.467,,,,
2932,11/09/15 03:00:00 AM,47.109,,,,
2933,11/09/15 04:00:00 AM,46.796,,,,
2934,11/09/15 05:00:00 AM,46.571,,,,
2935,11/09/15 06:00:00 AM,46.346,,,,
2936,11/09/15 07:00:00 AM,46.121,,,,
2937,11/09/15 08:00:00 AM,45.896,,,,
2938,11/09/15 09:00:00 AM,45.761,,,,
2939,11/09/15 10:00:00 AM,45.941,,,,
2940,11/09/15 11:00:00 AM,46.526,,,,
2941,11/09/15 12:00:00 PM,47.557,,,,
2942,11/09/15 01:00:00 PM,48.805,,,,
2943,11/09/15 02:00:00 PM,49.782,,,,
2944,11/09/15 03:00:00 PM,50.488,,,,
2945,11/09/15 04:00:00 PM,50.886,,,,
2946,11/09/15 05:00:00 PM,51.017,,,,
2947,11/09/15 06:00:00 PM,50.841,,,,
2948,11/09/15 07:00:00 PM,50.576,,,,
2949,11/09/15 08:00:00 PM,50.268,,,,
2950,11/09/15 09:00:00 PM,49.825,,,,
2951,11/09/15 10:00:00 PM,49.383,,,,
2952,11/09/15 11:00:00 PM,48.938,,,,
2953,11/10/15 12:00:00 AM,48.628,,,,
2954,11/10/15 01:00:00 AM,48.272,,,,
2955,11/10/15 02:00:00 AM,47.914,,,,
2956,11/10/15 03:00:00 AM,47.602,,,,
2957,11/10/15 04:00:00 AM,47.289,,,,
2958,11/10/15 05:00:00 AM,47.109,,,,
2959,11/10/15 06:00:00 AM,46.886,,,,
2960,11/10/15 07:00:00 AM,46.616,,,,
2961,11/10/15 08:00:00 AM,46.391,,,,
2962,11/10/15 09:00:00 AM,46.256,,,,
2963,11/10/15 10:00:00 AM,46.301,,,,
2964,11/10/15 11:00:00 AM,46.931,,,,
2965,11/10/15 12:00:00 PM,48.004,,,,
2966,11/10/15 01:00:00 PM,49.294,,,,
2967,11/10/15 02:00:00 PM,50.533,,,,
2968,11/10/15 03:00:00 PM,51.458,,,,
2969,11/10/15 04:00:00 PM,51.721,,,,
2970,11/10/15 05:00:00 PM,51.809,,,,
2971,11/10/15 06:00:00 PM,51.678,,,,
2972,11/10/15 07:00:00 PM,51.325,,,,
2973,11/10/15 08:00:00 PM,50.929,,,,
2974,11/10/15 09:00:00 PM,50.533,,,,
2975,11/10/15 10:00:00 PM,50.135,,,,
2976,11/10/15 11:00:00 PM,49.782,,,,
2977,11/11/15 12:00:00 AM,49.428,,,,
2978,11/11/15 01:00:00 AM,49.161,,,,
2979,11/11/15 02:00:00 AM,48.938,,,,
2980,11/11/15 03:00:00 AM,48.717,,,,
2981,11/11/15 04:00:00 AM,48.538,,,,
2982,11/11/15 05:00:00 AM,48.182,,,,
2983,11/11/15 06:00:00 AM,47.647,,,,
2984,11/11/15 07:00:00 AM,47.334,,,,
2985,11/11/15 08:00:00 AM,47.199,,,,
2986,11/11/15 09:00:00 AM,47.064,,,,
2987,11/11/15 10:00:00 AM,47.064,,,,
2988,11/11/15 11:00:00 AM,47.154,,,,
2989,11/11/15 12:00:00 PM,47.422,,,,
2990,11/11/15 01:00:00 PM,48.137,,,,
2991,11/11/15 02:00:00 PM,48.983,,,,
2992,11/11/15 03:00:00 PM,49.604,,,,
2993,11/11/15 04:00:00 PM,49.561,,,,
2994,11/11/15 05:00:00 PM,49.249,,,,
2995,11/11/15 06:00:00 PM,48.895,,,,
2996,11/11/15 07:00:00 PM,48.360,,,,
2997,11/11/15 08:00:00 PM,47.781,,,,
2998,11/11/15 09:00:00 PM,47.334,,,,
2999,11/11/15 10:00:00 PM,46.974,,,,
3000,11/11/15 11:00:00 PM,46.796,,,,
3001,11/12/15 12:00:00 AM,46.661,,,,
3002,11/12/15 01:00:00 AM,46.481,,,,
3003,11/12/15 02:00:00 AM,46.256,,,,
3004,11/12/15 03:00:00 AM,45.986,,,,
3005,11/12/15 04:00:00 AM,45.806,,,,
3006,11/12/15 05:00:00 AM,45.669,,,,
3007,11/12/15 06:00:00 AM,45.534,,,,
3008,11/12/15 07:00:00 AM,45.354,,,,
3009,11/12/15 08:00:00 AM,45.217,,,,
3010,11/12/15 09:00:00 AM,45.172,,,,
3011,11/12/15 10:00:00 AM,45.262,,,,
3012,11/12/15 11:00:00 AM,45.624,,,,
3013,11/12/15 12:00:00 PM,46.526,,,,
3014,11/12/15 01:00:00 PM,47.602,,,,
3015,11/12/15 02:00:00 PM,48.672,,,,
3016,11/12/15 03:00:00 PM,49.338,,,,
3017,11/12/15 04:00:00 PM,49.561,,,,
3018,11/12/15 05:00:00 PM,49.516,,,,
3019,11/12/15 06:00:00 PM,49.338,,,,
3020,11/12/15 07:00:00 PM,48.938,,,,
3021,11/12/15 08:00:00 PM,48.493,,,,
3022,11/12/15 09:00:00 PM,48.049,,,,
3023,11/12/15 10:00:00 PM,47.602,,,,
3024,11/12/15 11:00:00 PM,47.199,,,,
3025,11/13/15 12:00:00 AM,46.841,,,,
3026,11/13/15 01:00:00 AM,46.481,,,,
3027,11/13/15 02:00:00 AM,46.166,,,,
3028,11/13/15 03:00:00 AM,45.896,,,,
3029,11/13/15 04:00:00 AM,45.669,,,,
3030,11/13/15 05:00:00 AM,45.444,,,,
3031,11/13/15 06:00:00 AM,45.217,,,,
3032,11/13/15 07:00:00 AM,44.991,,,,
3033,11/13/15 08:00:00 AM,44.809,,,,
3034,11/13/15 09:00:00 AM,44.764,,,,
3035,11/13/15 10:00:00 AM,44.856,,,,
3036,11/13/15 11:00:00 AM,45.444,,,,
3037,11/13/15 12:00:00 PM,46.481,,,,
3038,11/13/15 01:00:00 PM,47.736,,,,
3039,11/13/15 02:00:00 PM,49.073,,,,
3040,11/13/15 03:00:00 PM,50.047,,,,
3041,11/13/15 04:00:00 PM,50.180,,,,
3042,11/13/15 05:00:00 PM,50.135,,,,
3043,11/13/15 06:00:00 PM,50.002,,,,
3044,11/13/15 07:00:00 PM,49.604,,,,
3045,11/13/15 08:00:00 PM,49.204,,,,
3046,11/13/15 09:00:00 PM,48.805,,,,
3047,11/13/15 10:00:00 PM,48.450,,,,
3048,11/13/15 11:00:00 PM,48.094,,,,
3049,11/14/15 12:00:00 AM,47.736,,,,
3050,11/14/15 01:00:00 AM,47.334,,,,
3051,11/14/15 02:00:00 AM,47.019,,,,
3052,11/14/15 03:00:00 AM,46.751,,,,
3053,11/14/15 04:00:00 AM,46.571,,,,
3054,11/14/15 05:00:00 AM,46.301,,,,
3055,11/14/15 06:00:00 AM,46.166,,,,
3056,11/14/15 07:00:00 AM,45.986,,,,
3057,11/14/15 08:00:00 AM,45.851,,,,
3058,11/14/15 09:00:00 AM,45.714,,,,
3059,11/14/15 10:00:00 AM,45.806,,,,
3060,11/14/15 11:00:00 AM,46.436,,,,
3061,11/14/15 12:00:00 PM,47.512,,,,
3062,11/14/15 01:00:00 PM,48.805,,,,
3063,11/14/15 02:00:00 PM,50.092,,,,
3064,11/14/15 03:00:00 PM,51.017,,,,
3065,11/14/15 04:00:00 PM,51.325,,,,
3066,11/14/15 05:00:00 PM,51.370,,,,
3067,11/14/15 06:00:00 PM,51.237,,,,
3068,11/14/15 07:00:00 PM,50.886,,,,
3069,11/14/15 08:00:00 PM,50.400,,,,
3070,11/14/15 09:00:00 PM,49.914,,,,
3071,11/14/15 10:00:00 PM,49.471,,,,
3072,11/14/15 11:00:00 PM,49.073,,,,
3073,11/15/15 12:00:00 AM,48.672,,,,
3074,11/15/15 01:00:00 AM,48.315,,,,
3075,11/15/15 02:00:00 AM,48.004,,,,
3076,11/15/15 03:00:00 AM,47.647,,,,
3077,11/15/15 04:00:00 AM,47.377,,,,
3078,11/15/15 05:00:00 AM,47.064,,,,
3079,11/15/15 06:00:00 AM,46.841,,,,
3080,11/15/15 07:00:00 AM,46.526,,,,
3081,11/15/15 08:00:00 AM,46.256,,,,
3082,11/15/15 09:00:00 AM,46.031,,,,
3083,11/15/15 10:00:00 AM,46.031,,,,
3084,11/15/15 11:00:00 AM,46.526,,,,
3085,11/15/15 12:00:00 PM,47.557,,,,
3086,11/15/15 01:00:00 PM,48.805,,,,
3087,11/15/15 02:00:00 PM,50.002,,,,
3088,11/15/15 03:00:00 PM,50.886,,,,
3089,11/15/15 04:00:00 PM,51.148,,,,
3090,11/15/15 05:00:00 PM,51.148,,,,
3091,11/15/15 06:00:00 PM,51.017,,,,
3092,11/15/15 07:00:00 PM,50.621,,,,
3093,11/15/15 08:00:00 PM,50.135,,,,
3094,11/15/15 09:00:00 PM,49.692,,,,
3095,11/15/15 10:00:00 PM,49.204,,,,
3096,11/15/15 11:00:00 PM,48.805,,,,
3097,11/16/15 12:00:00 AM,48.405,,,,
3098,11/16/15 01:00:00 AM,47.959,,,,
3099,11/16/15 02:00:00 AM,47.557,,,,
3100,11/16/15 03:00:00 AM,47.244,,,,
3101,11/16/15 04:00:00 AM,46.886,,,,
3102,11/16/15 05:00:00 AM,46.571,,,,
3103,11/16/15 06:00:00 AM,46.346,,,,
3104,11/16/15 07:00:00 AM,46.121,,,,
3105,11/16/15 08:00:00 AM,46.031,,,,
3106,11/16/15 09:00:00 AM,46.121,,,,
3107,11/16/15 10:00:00 AM,46.256,,,,
3108,11/16/15 11:00:00 AM,46.571,,,,
3109,11/16/15 12:00:00 PM,46.931,,,,
3110,11/16/15 01:00:00 PM,47.334,,,,
3111,11/16/15 02:00:00 PM,47.959,,,,
3112,11/16/15 03:00:00 PM,48.538,,,,
3113,11/16/15 04:00:00 PM,48.895,,,,
3114,11/16/15 05:00:00 PM,49.116,,,,
3115,11/16/15 06:00:00 PM,49.204,,,,
3116,11/16/15 07:00:00 PM,49.116,,,,
3117,11/16/15 08:00:00 PM,48.805,,,,
3118,11/16/15 09:00:00 PM,48.628,,,,
3119,11/16/15 10:00:00 PM,48.493,,,,
3120,11/16/15 11:00:00 PM,48.493,,,,
3121,11/17/15 12:00:00 AM,48.315,,,,
3122,11/17/15 01:00:00 AM,48.094,,,,
3123,11/17/15 02:00:00 AM,47.826,,,,
3124,11/17/15 03:00:00 AM,47.377,,,,
3125,11/17/15 04:00:00 AM,46.931,,,,
3126,11/17/15 05:00:00 AM,46.571,,,,
3127,11/17/15 06:00:00 AM,46.211,,,,
3128,11/17/15 07:00:00 AM,45.941,,,,
3129,11/17/15 08:00:00 AM,45.761,,,,
3130,11/17/15 09:00:00 AM,45.579,,,,
3131,11/17/15 10:00:00 AM,45.399,,,,
3132,11/17/15 11:00:00 AM,45.579,,,,
3133,11/17/15 12:00:00 PM,45.896,,,,
3134,11/17/15 01:00:00 PM,46.346,,,,
3135,11/17/15 02:00:00 PM,47.199,,,,
3136,11/17/15 03:00:00 PM,47.736,,,,
3137,11/17/15 04:00:00 PM,47.736,,,,
3138,11/17/15 05:00:00 PM,47.647,,,,
3139,11/17/15 06:00:00 PM,47.691,,,,
3140,11/17/15 07:00:00 PM,47.422,,,,
3141,11/17/15 08:00:00 PM,46.751,,,,
3142,11/17/15 09:00:00 PM,46.121,,,,
3143,11/17/15 10:00:00 PM,45.896,,,,
3144,11/17/15 11:00:00 PM,45.761,,,,
3145,11/18/15 12:00:00 AM,45.624,,,,
3146,11/18/15 01:00:00 AM,45.444,,,,
3147,11/18/15 02:00:00 AM,45.217,,,,
3148,11/18/15 03:00:00 AM,45.172,,,,
3149,11/18/15 04:00:00 AM,45.172,,,,
3150,11/18/15 05:00:00 AM,45.217,,,,
3151,11/18/15 06:00:00 AM,45.307,,,,
3152,11/18/15 07:00:00 AM,45.624,,,,
3153,11/18/15 08:00:00 AM,45.806,,,,
3154,11/18/15 09:00:00 AM,46.031,,,,
3155,11/18/15 10:00:00 AM,46.571,,,,
3156,11/18/15 11:00:00 AM,47.109,,,,
3157,11/18/15 12:00:00 PM,47.557,,,,
3158,11/18/15 01:00:00 PM,47.736,,,,
3159,11/18/15 02:00:00 PM,48.004,,,,
3160,11/18/15 03:00:00 PM,48.538,,,,
3161,11/18/15 04:00:00 PM,48.360,,,,
3162,11/18/15 05:00:00 PM,48.182,,,,
3163,11/18/15 06:00:00 PM,47.826,,,,
3164,11/18/15 07:00:00 PM,47.602,,,,
3165,11/18/15 08:00:00 PM,47.019,,,,
3166,11/18/15 09:00:00 PM,46.166,,,,
3167,11/18/15 10:00:00 PM,45.669,,,,
3168,11/18/15 11:00:00 PM,45.399,,,,
3169,11/19/15 12:00:00 AM,45.127,,,,
3170,11/19/15 01:00:00 AM,44.946,,,,
3171,11/19/15 02:00:00 AM,44.719,,,,
3172,11/19/15 03:00:00 AM,44.492,,,,
3173,11/19/15 04:00:00 AM,44.310,,,,
3174,11/19/15 05:00:00 AM,44.218,,,,
3175,11/19/15 06:00:00 AM,44.037,,,,
3176,11/19/15 07:00:00 AM,43.945,,,,
3177,11/19/15 08:00:00 AM,43.808,,,,
3178,11/19/15 09:00:00 AM,43.716,,,,
3179,11/19/15 10:00:00 AM,43.763,,,,
3180,11/19/15 11:00:00 AM,44.218,,,,
3181,11/19/15 12:00:00 PM,45.036,,,,
3182,11/19/15 01:00:00 PM,46.121,,,,
3183,11/19/15 02:00:00 PM,47.064,,,,
3184,11/19/15 03:00:00 PM,47.467,,,,
3185,11/19/15 04:00:00 PM,47.736,,,,
3186,11/19/15 05:00:00 PM,47.914,,,,
3187,11/19/15 06:00:00 PM,47.781,,,,
3188,11/19/15 07:00:00 PM,47.557,,,,
3189,11/19/15 08:00:00 PM,47.377,,,,
3190,11/19/15 09:00:00 PM,47.334,,,,
3191,11/19/15 10:00:00 PM,47.289,,,,
3192,11/19/15 11:00:00 PM,47.289,,,,
3193,11/20/15 12:00:00 AM,47.244,,,,
3194,11/20/15 01:00:00 AM,47.154,,,,
3195,11/20/15 02:00:00 AM,47.154,,,,
3196,11/20/15 03:00:00 AM,47.109,,,,
3197,11/20/15 04:00:00 AM,47.019,,,,
3198,11/20/15 05:00:00 AM,46.796,,,,
3199,11/20/15 06:00:00 AM,46.661,,,,
3200,11/20/15 07:00:00 AM,46.571,,,,
3201,11/20/15 08:00:00 AM,46.436,,,,
3202,11/20/15 09:00:00 AM,46.211,,,,
3203,11/20/15 10:00:00 AM,46.121,,,,
3204,11/20/15 11:00:00 AM,46.256,,,,
3205,11/20/15 12:00:00 PM,46.076,,,,
3206,11/20/15 01:00:00 PM,46.706,,,,
3207,11/20/15 02:00:00 PM,47.199,,,,
3208,11/20/15 03:00:00 PM,47.557,,,,
3209,11/20/15 04:00:00 PM,47.647,,,,
3210,11/20/15 05:00:00 PM,47.512,,,,
3211,11/20/15 06:00:00 PM,47.109,,,,
3212,11/20/15 07:00:00 PM,46.841,,,,
3213,11/20/15 08:00:00 PM,46.661,,,,
3214,11/20/15 09:00:00 PM,46.526,,,,
3215,11/20/15 10:00:00 PM,46.301,,,,
3216,11/20/15 11:00:00 PM,46.076,,,,
3217,11/21/15 12:00:00 AM,45.761,,,,
3218,11/21/15 01:00:00 AM,45.579,,,,
3219,11/21/15 02:00:00 AM,45.262,,,,
3220,11/21/15 03:00:00 AM,44.946,,,,
3221,11/21/15 04:00:00 AM,44.627,,,,
3222,11/21/15 05:00:00 AM,44.218,,,,
3223,11/21/15 06:00:00 AM,43.945,,,,
3224,11/21/15 07:00:00 AM,43.671,,,,
3225,11/21/15 08:00:00 AM,43.351,,,,
3226,11/21/15 09:00:00 AM,43.306,,,,
3227,11/21/15 10:00:00 AM,43.396,,,,
3228,11/21/15 11:00:00 AM,43.716,,,,
3229,11/21/15 12:00:00 PM,44.218,,,,
3230,11/21/15 01:00:00 PM,44.627,,,,
3231,11/21/15 02:00:00 PM,45.444,,,,
3232,11/21/15 03:00:00 PM,46.076,,,,
3233,11/21/15 04:00:00 PM,46.391,,,,
3234,11/21/15 05:00:00 PM,46.346,,,,
3235,11/21/15 06:00:00 PM,46.166,,,,
3236,11/21/15 07:00:00 PM,45.806,,,,
3237,11/21/15 08:00:00 PM,45.489,,,,
3238,11/21/15 09:00:00 PM,45.262,,,,
3239,11/21/15 10:00:00 PM,45.127,,,,
3240,11/21/15 11:00:00 PM,44.946,,,,
3241,11/22/15 12:00:00 AM,44.764,,,,
3242,11/22/15 01:00:00 AM,44.582,,,,
3243,11/22/15 02:00:00 AM,44.445,,,,
3244,11/22/15 03:00:00 AM,44.218,,,,
3245,11/22/15 04:00:00 AM,43.945,,,,
3246,11/22/15 05:00:00 AM,43.808,,,,
3247,11/22/15 06:00:00 AM,43.990,,,,
3248,11/22/15 07:00:00 AM,44.173,,,,
3249,11/22/15 08:00:00 AM,44.310,,,,
3250,11/22/15 09:00:00 AM,44.127,,,,
3251,11/22/15 10:00:00 AM,44.127,,,,
3252,11/22/15 11:00:00 AM,44.492,,,,
3253,11/22/15 12:00:00 PM,45.127,,,,
3254,11/22/15 01:00:00 PM,45.579,,,,
3255,11/22/15 02:00:00 PM,46.256,,,,
3256,11/22/15 03:00:00 PM,47.019,,,,
3257,11/22/15 04:00:00 PM,47.244,,,,
3258,11/22/15 05:00:00 PM,47.377,,,,
3259,11/22/15 06:00:00 PM,47.377,,,,
3260,11/22/15 07:00:00 PM,47.199,,,,
3261,11/22/15 08:00:00 PM,46.796,,,,
3262,11/22/15 09:00:00 PM,46.481,,,,
3263,11/22/15 10:00:00 PM,46.301,,,,
3264,11/22/15 11:00:00 PM,46.211,,,,
3265,11/23/15 12:00:00 AM,46.031,,,,
3266,11/23/15 01:00:00 AM,45.851,,,,
3267,11/23/15 02:00:00 AM,45.714,,,,
3268,11/23/15 03:00:00 AM,45.489,,,,
3269,11/23/15 04:00:00 AM,45.399,,,,
3270,11/23/15 05:00:00 AM,45.262,,,,
3271,11/23/15 06:00:00 AM,45.127,,,,
3272,11/23/15 07:00:00 AM,44.991,,,,
3273,11/23/15 08:00:00 AM,44.809,,,,
3274,11/23/15 09:00:00 AM,44.719,,,,
3275,11/23/15 10:00:00 AM,44.719,,,,
3276,11/23/15 11:00:00 AM,44.946,,,,
3277,11/23/15 12:00:00 PM,45.806,,,,
3278,11/23/15 01:00:00 PM,47.019,,,,
3279,11/23/15 02:00:00 PM,48.137,,,,
3280,11/23/15 03:00:00 PM,48.895,,,,
3281,11/23/15 04:00:00 PM,49.028,,,,
3282,11/23/15 05:00:00 PM,48.983,,,,
3283,11/23/15 06:00:00 PM,48.850,,,,
3284,11/23/15 07:00:00 PM,48.538,,,,
3285,11/23/15 08:00:00 PM,48.137,,,,
3286,11/23/15 09:00:00 PM,47.691,,,,
3287,11/23/15 10:00:00 PM,47.334,,,,
3288,11/23/15 11:00:00 PM,47.064,,,,
3289,11/24/15 12:00:00 AM,46.796,,,,
3290,11/24/15 01:00:00 AM,46.571,,,,
3291,11/24/15 02:00:00 AM,46.301,,,,
3292,11/24/15 03:00:00 AM,46.121,,,,
3293,11/24/15 04:00:00 AM,45.986,,,,
3294,11/24/15 05:00:00 AM,45.896,,,,
3295,11/24/15 06:00:00 AM,45.806,,,,
3296,11/24/15 07:00:00 AM,45.761,,,,
3297,11/24/15 08:00:00 AM,45.761,,,,
3298,11/24/15 09:00:00 AM,45.761,,,,
3299,11/24/15 10:00:00 AM,45.896,,,,
3300,11/24/15 11:00:00 AM,46.346,,,,
3301,11/24/15 12:00:00 PM,47.109,,,,
3302,11/24/15 01:00:00 PM,48.137,,,,
3303,11/24/15 02:00:00 PM,49.116,,,,
3304,11/24/15 03:00:00 PM,49.870,,,,
3305,11/24/15 04:00:00 PM,49.959,,,,
3306,11/24/15 05:00:00 PM,49.914,,,,
3307,11/24/15 06:00:00 PM,49.737,,,,
3308,11/24/15 07:00:00 PM,49.428,,,,
3309,11/24/15 08:00:00 PM,49.028,,,,
3310,11/24/15 09:00:00 PM,48.717,,,,
3311,11/24/15 10:00:00 PM,48.450,,,,
3312,11/24/15 11:00:00 PM,48.272,,,,
3313,11/25/15 12:00:00 AM,48.094,,,,
3314,11/25/15 01:00:00 AM,47.871,,,,
3315,11/25/15 02:00:00 AM,47.602,,,,
3316,11/25/15 03:00:00 AM,47.377,,,,
3317,11/25/15 04:00:00 AM,47.154,,,,
3318,11/25/15 05:00:00 AM,46.974,,,,
3319,11/25/15 06:00:00 AM,46.796,,,,
3320,11/25/15 07:00:00 AM,46.706,,,,
3321,11/25/15 08:00:00 AM,46.706,,,,
3322,11/25/15 09:00:00 AM,46.571,,,,
3323,11/25/15 10:00:00 AM,46.661,,,,
3324,11/25/15 11:00:00 AM,46.751,,,,
3325,11/25/15 12:00:00 PM,46.886,,,,
3326,11/25/15 01:00:00 PM,47.019,,,,
3327,11/25/15 02:00:00 PM,47.199,,,,
3328,11/25/15 03:00:00 PM,47.244,,,,
3329,11/25/15 04:00:00 PM,47.199,,,,
3330,11/25/15 05:00:00 PM,47.109,,,,
3331,11/25/15 06:00:00 PM,46.886,,,,
3332,11/25/15 07:00:00 PM,46.616,,,,
3333,11/25/15 08:00:00 PM,46.301,,,,
3334,11/25/15 09:00:00 PM,46.121,,,,
3335,11/25/15 10:00:00 PM,45.941,,,,
3336,11/25/15 11:00:00 PM,45.714,,,,
3337,11/26/15 12:00:00 AM,45.534,,,,
3338,11/26/15 01:00:00 AM,45.217,,,,
3339,11/26/15 02:00:00 AM,45.127,,,,
3340,11/26/15 03:00:00 AM,44.946,,,,
3341,11/26/15 04:00:00 AM,44.764,,,,
3342,11/26/15 05:00:00 AM,44.674,,,,
3343,11/26/15 06:00:00 AM,44.582,,,,
3344,11/26/15 07:00:00 AM,44.537,,,,
3345,11/26/15 08:00:00 AM,44.400,,,,
3346,11/26/15 09:00:00 AM,44.355,,,,
3347,11/26/15 10:00:00 AM,44.355,,,,
3348,11/26/15 11:00:00 AM,44.355,,,,
3349,11/26/15 12:00:00 PM,44.719,,,,
3350,11/26/15 01:00:00 PM,45.082,,,,
3351,11/26/15 02:00:00 PM,45.624,,,,
3352,11/26/15 03:00:00 PM,45.806,,,,
3353,11/26/15 04:00:00 PM,46.031,,,,
3354,11/26/15 05:00:00 PM,45.941,,,,
3355,11/26/15 06:00:00 PM,45.806,,,,
3356,11/26/15 07:00:00 PM,45.579,,,,
3357,11/26/15 08:00:00 PM,45.307,,,,
3358,11/26/15 09:00:00 PM,45.082,,,,
3359,11/26/15 10:00:00 PM,44.901,,,,
3360,11/26/15 11:00:00 PM,44.764,,,,
3361,11/27/15 12:00:00 AM,44.582,,,,
3362,11/27/15 01:00:00 AM,44.445,,,,
3363,11/27/15 02:00:00 AM,44.310,,,,
3364,11/27/15 03:00:00 AM,44.218,,,,
3365,11/27/15 04:00:00 AM,44.218,,,,
3366,11/27/15 05:00:00 AM,44.263,,,,
3367,11/27/15 06:00:00 AM,44.218,,,,
3368,11/27/15 07:00:00 AM,44.310,,,,
3369,11/27/15 08:00:00 AM,44.263,,,,
3370,11/27/15 09:00:00 AM,44.310,,,,
3371,11/27/15 10:00:00 AM,44.310,,,,
3372,11/27/15 11:00:00 AM,44.310,,,,
3373,11/27/15 12:00:00 PM,44.400,,,,
3374,11/27/15 01:00:00 PM,45.127,,,,
3375,11/27/15 02:00:00 PM,45.851,,,,
3376,11/27/15 03:00:00 PM,46.211,,,,
3377,11/27/15 04:00:00 PM,46.121,,,,
3378,11/27/15 05:00:00 PM,45.941,,,,
3379,11/27/15 06:00:00 PM,45.761,,,,
3380,11/27/15 07:00:00 PM,45.534,,,,
3381,11/27/15 08:00:00 PM,45.262,,,,
3382,11/27/15 09:00:00 PM,45.172,,,,
3383,11/27/15 10:00:00 PM,45.127,,,,
3384,11/27/15 11:00:00 PM,45.217,,,,
3385,11/28/15 12:00:00 AM,45.262,,,,
3386,11/28/15 01:00:00 AM,45.262,,,,
3387,11/28/15 02:00:00 AM,45.217,,,,
3388,11/28/15 03:00:00 AM,45.127,,,,
3389,11/28/15 04:00:00 AM,45.036,,,,
3390,11/28/15 05:00:00 AM,45.036,,,,
3391,11/28/15 06:00:00 AM,45.082,,,,
3392,11/28/15 07:00:00 AM,44.991,,,,
3393,11/28/15 08:00:00 AM,45.036,,,,
3394,11/28/15 09:00:00 AM,45.036,,,,
3395,11/28/15 10:00:00 AM,45.127,,,,
3396,11/28/15 11:00:00 AM,45.127,,,,
3397,11/28/15 12:00:00 PM,45.082,,,,
3398,11/28/15 01:00:00 PM,45.262,,,,
3399,11/28/15 02:00:00 PM,45.354,,,,
3400,11/28/15 03:00:00 PM,45.714,,,,
3401,11/28/15 04:00:00 PM,46.031,,,,
3402,11/28/15 05:00:00 PM,46.211,,,,
3403,11/28/15 06:00:00 PM,46.166,,,,
3404,11/28/15 07:00:00 PM,46.076,,,,
3405,11/28/15 08:00:00 PM,45.896,,,,
3406,11/28/15 09:00:00 PM,45.851,,,,
3407,11/28/15 10:00:00 PM,45.851,,,,
3408,11/28/15 11:00:00 PM,45.761,,,,
3409,11/29/15 12:00:00 AM,45.714,,,,
3410,11/29/15 01:00:00 AM,45.489,,,,
3411,11/29/15 02:00:00 AM,45.217,,,,
3412,11/29/15 03:00:00 AM,45.036,,,,
3413,11/29/15 04:00:00 AM,45.036,,,,
3414,11/29/15 05:00:00 AM,45.127,,,,
3415,11/29/15 06:00:00 AM,45.399,,,,
3416,11/29/15 07:00:00 AM,45.489,,,,
3417,11/29/15 08:00:00 AM,45.579,,,,
3418,11/29/15 09:00:00 AM,45.489,,,,
3419,11/29/15 10:00:00 AM,45.444,,,,
3420,11/29/15 11:00:00 AM,45.262,,,,
3421,11/29/15 12:00:00 PM,45.127,,,,
3422,11/29/15 01:00:00 PM,45.579,,,,
3423,11/29/15 02:00:00 PM,46.481,,,,
3424,11/29/15 03:00:00 PM,47.064,,,,
3425,11/29/15 04:00:00 PM,47.019,,,,
3426,11/29/15 05:00:00 PM,47.154,,,,
3427,11/29/15 06:00:00 PM,46.886,,,,
3428,11/29/15 07:00:00 PM,46.571,,,,
3429,11/29/15 08:00:00 PM,46.481,,,,
3430,11/29/15 09:00:00 PM,46.481,,,,
3431,11/29/15 10:00:00 PM,46.391,,,,
3432,11/29/15 11:00:00 PM,46.616,,,,
3433,11/30/15 12:00:00 AM,46.616,,,,
3434,11/30/15 01:00:00 AM,46.841,,,,
3435,11/30/15 02:00:00 AM,46.751,,,,
3436,11/30/15 03:00:00 AM,46.661,,,,
3437,11/30/15 04:00:00 AM,46.706,,,,
3438,11/30/15 05:00:00 AM,46.661,,,,
3439,11/30/15 06:00:00 AM,46.436,,,,
3440,11/30/15 07:00:00 AM,46.391,,,,
3441,11/30/15 08:00:00 AM,46.346,,,,
3442,11/30/15 09:00:00 AM,46.481,,,,
3443,11/30/15 10:00:00 AM,46.841,,,,
3444,11/30/15 11:00:00 AM,47.109,,,,
3445,11/30/15 12:00:00 PM,47.064,,,,
3446,11/30/15 01:00:00 PM,47.109,,,,
3447,11/30/15 02:00:00 PM,47.422,,,,
3448,11/30/15 03:00:00 PM,47.781,,,,
3449,11/30/15 04:00:00 PM,48.049,,,,
3450,11/30/15 05:00:00 PM,48.049,,,,
3451,11/30/15 06:00:00 PM,48.004,,,,
3452,11/30/15 07:00:00 PM,47.736,,,,
3453,11/30/15 08:00:00 PM,47.467,,,,
3454,11/30/15 09:00:00 PM,47.377,,,,
3455,11/30/15 10:00:00 PM,47.377,,,,
3456,11/30/15 11:00:00 PM,47.109,,,,
3457,12/01/15 12:00:00 AM,47.154,,,,
3458,12/01/15 01:00:00 AM,47.109,,,,
3459,12/01/15 02:00:00 AM,46.796,,,,
3460,12/01/15 03:00:00 AM,46.886,,,,
3461,12/01/15 04:00:00 AM,47.244,,,,
3462,12/01/15 05:00:00 AM,47.557,,,,
3463,12/01/15 06:00:00 AM,48.004,,,,
3464,12/01/15 07:00:00 AM,48.227,,,,
3465,12/01/15 08:00:00 AM,48.493,,,,
3466,12/01/15 09:00:00 AM,48.717,,,,
3467,12/01/15 10:00:00 AM,48.983,,,,
3468,12/01/15 11:00:00 AM,49.204,,,,
3469,12/01/15 12:00:00 PM,49.471,,,,
3470,12/01/15 01:00:00 PM,49.338,,,,
3471,12/01/15 02:00:00 PM,49.161,,,,
3472,12/01/15 03:00:00 PM,48.182,,,,
3473,12/01/15 04:00:00 PM,47.244,,,,
3474,12/01/15 05:00:00 PM,46.841,,,,
3475,12/01/15 06:00:00 PM,46.886,,,,
3476,12/01/15 07:00:00 PM,46.841,,,,
3477,12/01/15 08:00:00 PM,46.751,,,,
3478,12/01/15 09:00:00 PM,46.751,,,,
3479,12/01/15 10:00:00 PM,46.841,,,,
3480,12/01/15 11:00:00 PM,46.974,,,,
3481,12/02/15 12:00:00 AM,47.109,,,,
3482,12/02/15 01:00:00 AM,47.199,,,,
3483,12/02/15 02:00:00 AM,47.289,,,,
3484,12/02/15 03:00:00 AM,47.244,,,,
3485,12/02/15 04:00:00 AM,47.289,,,,
3486,12/02/15 05:00:00 AM,47.647,,,,
3487,12/02/15 06:00:00 AM,48.004,,,,
3488,12/02/15 07:00:00 AM,48.004,,,,
3489,12/02/15 08:00:00 AM,48.004,,,,
3490,12/02/15 09:00:00 AM,48.049,,,,
3491,12/02/15 10:00:00 AM,48.094,,,,
3492,12/02/15 11:00:00 AM,48.360,,,,
3493,12/02/15 12:00:00 PM,48.672,,,,
3494,12/02/15 01:00:00 PM,48.805,,,,
3495,12/02/15 02:00:00 PM,48.628,,,,
3496,12/02/15 03:00:00 PM,48.762,,,,
3497,12/02/15 04:00:00 PM,48.850,,,,
3498,12/02/15 05:00:00 PM,48.895,,,,
3499,12/02/15 06:00:00 PM,48.938,,,,
3500,12/02/15 07:00:00 PM,48.895,,,,
3501,12/02/15 08:00:00 PM,48.628,,,,
3502,12/02/15 09:00:00 PM,48.538,,,,
3503,12/02/15 10:00:00 PM,48.450,,,,
3504,12/02/15 11:00:00 PM,48.360,,,,
3505,12/03/15 12:00:00 AM,48.137,,,,
3506,12/03/15 01:00:00 AM,48.094,,,,
3507,12/03/15 02:00:00 AM,47.914,,,,
3508,12/03/15 03:00:00 AM,47.691,,,,
3509,12/03/15 04:00:00 AM,47.736,,,,
3510,12/03/15 05:00:00 AM,47.826,,,,
3511,12/03/15 06:00:00 AM,47.959,,,,
3512,12/03/15 07:00:00 AM,48.137,,,,
3513,12/03/15 08:00:00 AM,48.137,,,,
3514,12/03/15 09:00:00 AM,48.182,,,,
3515,12/03/15 10:00:00 AM,48.272,,,,
3516,12/03/15 11:00:00 AM,48.493,,,,
3517,12/03/15 12:00:00 PM,48.983,,,,
3518,12/03/15 01:00:00 PM,49.825,,,,
3519,12/03/15 02:00:00 PM,50.445,,,,
3520,12/03/15 03:00:00 PM,50.974,,,,
3521,12/03/15 04:00:00 PM,50.974,,,,
3522,12/03/15 05:00:00 PM,50.929,,,,
3523,12/03/15 06:00:00 PM,50.797,,,,
3524,12/03/15 07:00:00 PM,50.621,,,,
3525,12/03/15 08:00:00 PM,50.311,,,,
3526,12/03/15 09:00:00 PM,50.135,,,,
3527,12/03/15 10:00:00 PM,49.914,,,,
3528,12/03/15 11:00:00 PM,49.782,,,,
3529,12/04/15 12:00:00 AM,49.604,,,,
3530,12/04/15 01:00:00 AM,49.428,,,,
3531,12/04/15 02:00:00 AM,49.338,,,,
3532,12/04/15 03:00:00 AM,49.161,,,,
3533,12/04/15 04:00:00 AM,49.073,,,,
3534,12/04/15 05:00:00 AM,48.983,,,,
3535,12/04/15 06:00:00 AM,48.983,,,,
3536,12/04/15 07:00:00 AM,48.895,,,,
3537,12/04/15 08:00:00 AM,48.762,,,,
3538,12/04/15 09:00:00 AM,48.717,,,,
3539,12/04/15 10:00:00 AM,48.850,,,,
3540,12/04/15 11:00:00 AM,49.073,,,,
3541,12/04/15 12:00:00 PM,49.471,,,,
3542,12/04/15 01:00:00 PM,50.135,,,,
3543,12/04/15 02:00:00 PM,50.752,,,,
3544,12/04/15 03:00:00 PM,51.282,,,,
3545,12/04/15 04:00:00 PM,51.370,,,,
3546,12/04/15 05:00:00 PM,51.413,,,,
3547,12/04/15 06:00:00 PM,51.413,,,,
3548,12/04/15 07:00:00 PM,51.325,,,,
3549,12/04/15 08:00:00 PM,51.237,,,,
3550,12/04/15 09:00:00 PM,51.148,,,,
3551,12/04/15 10:00:00 PM,51.017,,,,
3552,12/04/15 11:00:00 PM,50.886,,,,
3553,12/05/15 12:00:00 AM,50.797,,,,
3554,12/05/15 01:00:00 AM,50.664,,,,
3555,12/05/15 02:00:00 AM,50.576,,,,
3556,12/05/15 03:00:00 AM,50.445,,,,
3557,12/05/15 04:00:00 AM,50.445,,,,
3558,12/05/15 05:00:00 AM,50.488,,,,
3559,12/05/15 06:00:00 AM,50.576,,,,
3560,12/05/15 07:00:00 AM,50.621,,,,
3561,12/05/15 08:00:00 AM,50.709,,,,
3562,12/05/15 09:00:00 AM,50.797,,,,
3563,12/05/15 10:00:00 AM,50.841,,,,
3564,12/05/15 11:00:00 AM,51.017,,,,
3565,12/05/15 12:00:00 PM,51.237,,,,
3566,12/05/15 01:00:00 PM,51.544,,,,
3567,12/05/15 02:00:00 PM,51.984,,,,
3568,12/05/15 03:00:00 PM,52.378,,,,
3569,12/05/15 04:00:00 PM,52.335,,,,
3570,12/05/15 05:00:00 PM,52.335,,,,
3571,12/05/15 06:00:00 PM,52.160,,,,
3572,12/05/15 07:00:00 PM,51.984,,,,
3573,12/05/15 08:00:00 PM,51.678,,,,
3574,12/05/15 09:00:00 PM,51.458,,,,
3575,12/05/15 10:00:00 PM,51.282,,,,
3576,12/05/15 11:00:00 PM,51.062,,,,
3577,12/06/15 12:00:00 AM,50.886,,,,
3578,12/06/15 01:00:00 AM,50.709,,,,
3579,12/06/15 02:00:00 AM,50.488,,,,
3580,12/06/15 03:00:00 AM,50.268,,,,
3581,12/06/15 04:00:00 AM,50.135,,,,
3582,12/06/15 05:00:00 AM,49.914,,,,
3583,12/06/15 06:00:00 AM,49.782,,,,
3584,12/06/15 07:00:00 AM,49.692,,,,
3585,12/06/15 08:00:00 AM,49.604,,,,
3586,12/06/15 09:00:00 AM,49.561,,,,
3587,12/06/15 10:00:00 AM,49.516,,,,
3588,12/06/15 11:00:00 AM,49.516,,,,
3589,12/06/15 12:00:00 PM,49.959,,,,
3590,12/06/15 01:00:00 PM,50.841,,,,
3591,12/06/15 02:00:00 PM,51.501,,,,
3592,12/06/15 03:00:00 PM,51.895,,,,
3593,12/06/15 04:00:00 PM,52.072,,,,
3594,12/06/15 05:00:00 PM,52.160,,,,
3595,12/06/15 06:00:00 PM,52.072,,,,
3596,12/06/15 07:00:00 PM,51.895,,,,
3597,12/06/15 08:00:00 PM,51.633,,,,
3598,12/06/15 09:00:00 PM,51.458,,,,
3599,12/06/15 10:00:00 PM,51.237,,,,
3600,12/06/15 11:00:00 PM,51.062,,,,
3601,12/07/15 12:00:00 AM,50.974,,,,
3602,12/07/15 01:00:00 AM,51.017,,,,
3603,12/07/15 02:00:00 AM,51.062,,,,
3604,12/07/15 03:00:00 AM,50.974,,,,
3605,12/07/15 04:00:00 AM,51.017,,,,
3606,12/07/15 05:00:00 AM,50.886,,,,
3607,12/07/15 06:00:00 AM,50.974,,,,
3608,12/07/15 07:00:00 AM,51.017,,,,
3609,12/07/15 08:00:00 AM,51.017,,,,
3610,12/07/15 09:00:00 AM,51.017,,,,
3611,12/07/15 10:00:00 AM,51.017,,,,
3612,12/07/15 11:00:00 AM,51.193,,,,
3613,12/07/15 12:00:00 PM,51.589,,,,
3614,12/07/15 01:00:00 PM,51.984,,,,
3615,12/07/15 02:00:00 PM,52.378,,,,
3616,12/07/15 02:55:49 PM,,,Logged,,
3617,12/07/15 02:55:51 PM,,,,Logged,Logged
